212655 249658 175164.5
68289 57570 174472.5
215054 237924 158601.0
147077 119833 170120.5
106551 140566 180585.5
4496 42259 200511.5
128023 132447 172709.5
191176 202741 178427.0
132653 141785 193735.5
122322 136852 186332.5
210745 30104 191039.5
21926 19892 198906.0
198053 203668 200175.0
55702 23484 197712.5
232408 234176 166200.5
274684 272988 173693.0
144884 154794 161623.5
259001 242002 199277.5
3260 45311 161356.0
164195 198427 163744.0
44828 3190 157497.0
255694 238297 180464.0
153600 142192 169467.5
317414 317114 197798.0
66162 19421 165336.0
20034 8470 161580.0
126913 151847 190671.0
24831 17227 178665.5
122537 146591 197604.5
146600 124481 150617.5
204324 201620 151311.0
186671 173547 160752.0
226866 247602 150755.5
89956 86554 174756.0
43218 270109 174225.0
112250 117327 161398.5
4573 22542 176476.0
234720 254305 188419.0
256159 259654 189320.5
191103 251879 159349.5
132543 124711 165185.0
134010 158834 164267.5
238859 256818 175582.5
153281 126218 152268.5
243151 248420 184798.0
193539 257272 182699.0
299505 295347 166401.5
150660 79165 194403.5
212969 246653 197070.5
130269 135882 161383.0
227727 212826 200205.0
222360 249941 163592.5
7226 6481 154162.0
221132 229508 173425.5
67015 54517 187907.5
171876 172040 185843.5
225758 219414 193615.5
246368 241312 192426.5
42682 271763 172400.0
237274 260255 150547.5
138975 151212 185446.5
160124 167785 152074.0
244584 230366 161728.0
231930 258573 165612.5
139178 115239 195439.0
29703 26475 153540.0
197668 167178 185047.0
248374 231240 159255.5
270689 52888 185629.5
137613 143035 180928.5
201368 205927 196097.5
155047 138667 200015.5
26560 28792 150422.5
131908 134053 184665.0
253860 228259 196715.0
257843 248585 151044.5
229578 239546 191913.5
138156 118666 178447.5
211146 245268 188067.5
236147 223464 152116.0
229108 237942 185035.0
68347 18845 187982.5
319629 278410 186083.0
23321 14086 161221.5
276437 267505 185816.5
252748 190591 188431.0
17510 25926 162269.0
243795 193016 196582.0
11806 16752 197603.0
317643 134004 164180.0
301368 301282 184101.0
144496 143385 196407.0
222232 232328 185144.5
191727 202236 186365.0
122689 121363 165370.5
192232 253101 174130.5
141171 159968 161669.5
233851 257724 151033.5
316300 314430 200179.5
8098 50012 162870.5
237269 245087 172626.5
16246 5946 188485.0
163337 8125 173478.5
138786 108435 197282.5
220002 226410 173890.5
128960 133418 153546.0
112780 114840 154643.5
222891 227181 192650.5
62530 74428 171585.5
123006 139019 167688.5
239750 227327 189891.0
209704 243094 177762.5
146118 131932 198949.0
127147 321099 171961.0
299183 305876 172513.5
150601 139900 175236.0
213587 255572 197946.5
271899 300631 187094.0
219727 230377 186712.0
150391 141573 187898.0
247247 253540 186543.5
201690 198458 164851.0
84237 84354 161483.0
255130 226112 163325.0
128681 131784 172550.5
3721 12186 173138.5
241348 256592 153974.0
241835 228172 172565.0
45332 42794 167698.0
64611 60602 170257.0
103585 272016 196893.5
158598 148822 177718.0
58494 66389 194109.5
123422 146127 169110.5
70362 40007 190321.5
294772 297998 171943.0
47007 48322 161563.0
28810 31469 161583.5
161283 198639 158557.5
26049 2829 160181.0
133525 155771 177396.5
174514 187495 187832.5
4946 46410 179493.0
199167 164044 173591.0
19007 74909 178019.0
242994 257431 189547.5
30764 38733 185597.0
4723 48620 186173.5
140320 108554 156416.5
58921 64297 176649.5
193719 258288 180157.5
168407 199534 168273.0
145411 130025 190766.5
133238 134789 152119.0
230041 248518 160224.5
67122 40203 194146.0
43464 50135 194071.5
125918 154174 181071.0
140664 113087 159169.5
41354 69897 161372.0
149491 118373 167322.0
213772 240050 175445.5
151922 157527 177161.0
257822 211442 193250.0
11212 55609 173377.0
156069 135481 166227.5
131210 126404 192660.0
281749 284362 200529.0
250571 194078 190893.0
238196 246908 196602.5
236797 240765 190273.5
220229 227598 169093.0
286572 291741 162290.5
189321 592 171225.0
63104 74210 155623.5
152699 122936 172077.0
152728 126843 174190.0
257487 222092 156515.0
40179 14226 181855.5
55892 73095 199814.0
252714 194118 152063.5
97446 160312 193835.0
227872 257968 195655.5
137768 115210 180799.5
233335 258174 174140.0
309112 311941 150805.5
226884 260313 181869.0
109078 132004 163679.0
28219 3884 189832.5
4146 30310 177808.0
229435 242536 183076.0
285686 290387 199715.5
225305 214280 165229.5
255274 253396 156459.0
227387 242190 164703.5
201949 192637 200218.0
35002 38127 183817.0
235246 255934 162977.5
232265 258776 165266.5
292370 294045 184259.0
56277 60734 166288.5
130030 137498 151322.5
20965 19468 179854.5
245621 229456 159574.0
223089 230746 188764.5
113142 108057 160257.5
231030 213548 186573.0
296664 295090 164870.0
241874 250592 158689.0
231853 236531 151461.5
146400 135029 188816.0
8613 169471 189386.5
90165 97602 179325.0
250907 258834 173709.0
64314 57694 169126.0
7843 12639 176462.0
66666 57584 200148.0
52174 53314 157070.0
139379 125583 180830.5
121972 139031 184213.5
254106 229670 172508.5
49765 61507 186237.0
226382 250780 195960.0
91154 93835 156498.5
213923 259026 200297.0
195402 200187 171644.5
123584 146535 163209.0
9842 33714 170229.0
37047 838 193880.0
47984 42915 155777.0
221291 226356 182109.0
50232 59285 161734.0
25683 14996 174582.5
135778 124736 162376.0
117501 137039 186592.5
131046 135505 176068.5
260406 245671 153353.0
228381 211542 164375.0
198455 201315 157601.5
59360 56721 154562.0
130603 143565 189481.5
91848 89433 159061.0
225344 226511 165827.0
59399 61626 157866.0
194549 255198 198268.0
73170 55033 153180.5
251119 260956 179371.0
213093 230441 160001.5
149674 142519 180103.5
126394 133116 151516.0
149839 150511 151454.0
246444 230902 152129.0
102931 105219 166014.0
260652 248980 150507.5
301993 281595 193301.5
276645 272287 169208.0
121730 135996 196265.0
108917 117697 176311.0
249748 222993 179054.5
115843 156758 198191.0
58296 56497 166398.0
55736 10209 154111.5
300691 281297 151683.0
125313 151117 191623.5
293302 305867 160955.5
200298 209500 180436.0
247729 242656 165614.5
36844 66939 181380.5
251927 245350 188777.0
254632 231574 186019.0
272149 281138 189213.0
165529 196449 171381.0
18557 19774 183513.0
192594 191618 158286.0
49294 7570 151885.5
121179 133437 181563.5
248191 227551 166443.5
109001 116292 184904.0
135398 140281 181466.0
30068 23350 197223.0
320763 319082 169670.0
108659 152589 152259.0
218132 30209 197600.5
4834 47531 157748.0
244535 190117 198984.5
62482 60846 165314.5
151222 317551 171971.5
196794 195606 166627.5
257710 236579 170525.0
214610 220645 171812.0
142392 108924 189837.5
221868 243219 164537.0
235516 240429 160054.5
245356 211173 182898.5
257485 242305 194393.5
4130 15288 173475.0
161862 169186 154100.0
232441 256200 157418.5
141877 153106 177136.0
104894 43383 192284.0
8290 164590 194654.5
106464 156159 172909.5
194647 236648 172273.0
297887 289158 179653.0
231885 245060 169556.5
17958 38522 196444.0
236550 229005 181935.5
53705 71146 161912.0
205105 194088 175489.5
244163 256200 175337.5
130470 149035 178543.0
136004 125148 164785.0
20783 39956 158550.0
132410 136097 155421.5
66903 56265 185375.5
54059 66201 173672.5
199843 202370 160935.5
237387 224159 184865.0
11639 7611 154270.5
148622 116397 175010.0
245698 233147 175299.5
19312 16896 151961.5
264039 262621 166377.5
277894 276026 175574.5
148016 145971 167429.5
164223 196369 167640.0
239221 248158 173128.5
122682 138697 186591.0
32674 20556 152868.0
103319 271513 188568.0
66045 52575 193898.0
12828 18309 178861.5
95275 98515 190448.5
179746 185587 195042.0
237693 214138 161882.5
237656 244407 186191.0
231889 225323 152250.5
50939 43183 173938.5
201208 168470 199963.5
161654 5810 190869.5
53135 54830 171160.0
53505 3893 199772.5
13735 17092 158280.5
55316 48417 197903.5
116348 117033 198238.0
289987 295112 190676.0
192720 207296 180991.5
175266 173822 177305.5
245230 211206 186908.5
108770 148719 155937.5
116960 78376 192983.5
144020 120727 179948.0
115496 150017 159330.0
279428 275632 171914.0
144599 156030 159497.5
220387 1383 163135.5
269766 50411 189025.5
220365 222127 190390.0
129158 107927 191964.0
288213 287461 180022.0
297903 286351 175313.0
248253 229984 175364.5
94760 96327 169839.5
139334 121871 198722.5
19756 19082 174562.5
294477 288001 191246.5
136211 147857 192628.0
178448 174805 172168.5
71799 31276 184307.0
178161 182021 163491.0
226006 254088 179582.0
59882 72941 165043.5
124747 138860 180768.0
154776 140714 171632.5
265927 265470 168750.0
230985 260011 173689.0
51036 53926 193257.5
251780 241883 159348.5
242141 256140 192038.0
226775 257634 188142.0
240487 211665 187821.0
2879 34482 159425.5
221686 254424 198951.0
236200 212206 154473.5
143333 132705 174190.5
135693 154887 184973.0
296074 88003 187214.5
65490 76310 166639.0
43789 58757 159866.0
52781 48485 199960.0
16190 9359 188362.0
16705 7867 188038.0
123284 147392 198636.0
279269 76440 155447.0
205314 193367 150831.5
252549 207855 182538.5
16050 12134 153781.0
60389 50357 183638.0
273393 278205 186900.0
149291 113202 161444.0
139966 158438 155066.0
20275 67480 188450.5
289770 292708 195153.5
204509 193309 178172.0
280290 273596 189553.0
56764 72727 184857.0
246913 233988 171933.5
173872 175488 164284.5
131262 317730 188274.5
58689 75439 166350.5
195801 161796 164991.0
112191 106353 156775.0
247615 236661 163731.5
152864 145248 158865.0
204299 207347 153164.0
162038 166073 152080.0
298298 290957 161432.0
263388 265180 153263.5
158396 129538 165823.5
245850 230702 169853.5
230646 214092 200323.5
128133 139273 173550.0
20049 71107 165584.5
25450 39803 167464.0
196021 161906 181193.0
6387 10319 166609.5
239815 257354 195785.5
204383 192242 174968.0
235702 237610 156884.0
289653 288572 159148.5
131538 137450 153376.5
253307 229760 187285.0
67384 67100 162185.0
14831 9112 184008.0
237522 235638 156959.0
137357 125289 191442.5
237812 221636 198205.5
122653 158248 169415.0
231547 223845 181976.0
49113 5220 165228.5
210509 225741 179404.0
237368 241428 155217.5
59182 44478 154917.0
16032 35065 162651.0
147351 144013 184267.0
321010 317378 196206.0
197910 167821 176034.5
114874 116255 191417.5
247105 252622 185767.0
235798 211773 161891.0
147314 154867 164343.0
76721 53435 155119.5
139545 159462 200164.5
258098 229591 194560.0
107121 114807 200466.5
167091 195523 155073.5
61080 63602 172244.0
19749 18924 166611.5
235861 248207 179178.5
44238 52014 174992.0
129895 142747 171343.0
212795 256631 170278.5
33734 11259 158040.5
10741 10808 198945.0
25732 30603 188851.5
116804 112925 190152.5
4294 9746 152012.5
142491 131600 164759.0
6059 47196 186447.0
19481 31403 181658.5
29596 23913 166444.5
52118 75238 191954.0
155641 129387 171006.5
12183 4622 153833.5
134309 122952 192529.0
222623 240398 178201.0
226521 251799 186475.0
155876 128439 174660.0
190255 209756 190743.5
212311 260804 188184.5
295185 297298 181719.5
42430 48605 170441.0
237170 243490 158017.0
112673 138370 185323.0
123366 137895 190846.0
307 55219 174012.5
319648 315977 167093.5
67709 69191 151594.5
155135 125920 182432.0
36702 34969 193037.5
228571 249315 160204.5
45737 48300 155207.0
149557 136874 168290.5
168517 4703 197780.5
96946 92151 196414.5
108778 131463 186116.5
238528 248377 152717.0
279152 276805 164665.5
3685 12513 173019.0
224855 247889 166631.5
224437 218878 170486.5
221251 226180 164903.5
210833 33323 197846.0
203208 191184 170551.5
65047 63357 163455.5
5903 50004 172614.0
182557 176115 199655.0
134093 136432 153588.5
256804 212535 189262.5
133967 153787 183816.5
229675 260766 154220.5
258757 213070 164471.5
43631 42540 191430.0
223607 246513 195188.5
109318 135038 200217.5
54750 56239 153310.5
167222 4335 185289.5
193348 243995 195328.0
240564 215692 192867.0
27583 19086 199145.0
287870 302061 181458.5
40231 66335 167770.0
96268 92129 166662.0
75544 71654 190202.0
221181 213383 165460.0
223792 229020 195506.5
159036 128360 189287.0
223161 223904 150624.0
128875 142409 169749.0
47557 43296 172529.5
204395 200906 174718.5
194061 252508 151152.5
2928 10701 181140.0
125172 130411 178829.5
96392 92982 160005.5
232470 245981 155647.5
320677 277259 172904.5
203746 198680 179217.5
124560 136095 186907.0
200083 195544 163043.0
48494 45911 151464.0
135867 125486 151004.5
260059 255571 184518.5
20596 29779 176789.0
233679 228399 158496.5
171735 177119 160868.5
53272 75376 198191.0
246851 259263 160226.5
132012 126991 197925.5
270944 268827 155028.5
73702 62652 199135.0
219893 18297 189697.0
132264 126186 173594.0
258952 1435 199700.5
136377 142110 190403.5
16782 24703 172235.0
77867 112675 186369.0
206243 258877 189206.5
213084 256710 177302.5
110080 128120 163327.5
131959 106004 184061.0
106282 159311 155803.0
243500 232734 176101.0
290851 294928 181795.0
234290 259423 151319.5
221303 244910 192390.5
50435 61442 171705.5
232950 236887 178818.5
257202 243199 176788.5
76744 64404 183260.0
48248 4683 186869.5
42633 49320 170986.5
165006 96270 198045.5
114684 130849 192922.0
268266 278705 196855.0
211677 240482 176956.5
253826 193657 173294.5
260933 219294 167688.5
211307 227405 167632.5
129277 128266 188084.5
190793 250759 179715.5
119803 159689 185391.5
303745 292734 164863.5
147594 157608 150604.0
195486 163197 170352.0
124973 151493 172498.0
93734 86840 156471.0
192741 194696 168010.0
56185 7019 196106.0
29945 25690 173213.0
98265 91905 171768.5
318084 134665 162903.0
93109 88856 184427.5
257831 221027 194689.5
242912 233403 193702.0
229294 244095 169448.5
228503 211535 173391.0
112973 139348 196076.0
33597 51288 185045.0
211032 239613 194528.5
167642 4408 195871.5
78254 149087 187403.0
93232 97136 170463.5
30302 221262 190803.5
214417 245730 176052.5
13601 6124 151158.5
132316 139821 158190.5
212777 231693 155736.5
55536 11196 171176.5
7113 46217 183417.5
7363 165084 199506.5
228219 257717 186576.5
296224 290167 168087.0
234116 254794 185442.5
133065 146127 161271.5
296246 301691 179147.0
125882 129889 150940.5
47258 73439 153493.5
106341 154546 174772.0
62854 69431 158546.0
220747 222172 166404.0
13896 49297 172439.5
47818 47605 151919.0
156343 120972 164161.5
9203 3721 151429.5
227388 220643 165379.0
223055 249904 195085.0
229270 257959 162801.5
225988 217586 151353.0
258705 249657 196031.5
219170 34147 160305.0
128560 118907 173087.5
250153 245990 195758.5
252227 243502 179811.5
237941 232952 155798.0
230965 245547 161071.0
59155 71840 157053.5
76644 93133 198429.0
258470 251455 182495.5
238717 230946 176053.0
36110 18337 198866.0
165370 96865 179609.5
245672 244924 150634.5
133376 148218 181156.0
256483 219876 200312.5
161214 209437 161788.0
87253 296984 189739.0
214073 236097 193026.0
23260 28139 180431.0
248492 229716 170460.0
252329 244985 163751.0
256758 256121 194843.5
232025 254208 198570.5
136114 138925 150888.0
108977 158188 184682.5
14407 24657 195608.5
187564 178191 184792.5
27789 17981 198828.0
228842 236557 190682.5
62558 58342 185309.0
284411 304678 193554.0
99988 300300 167649.5
61409 68954 186096.5
276070 279674 196349.5
30284 224450 190139.5
243894 220153 195679.0
123648 144271 157131.5
137212 136562 187762.5
91342 93797 172196.0
207900 204960 180236.0
118335 158399 173857.5
222611 237450 166796.0
219701 222491 177538.5
280156 279423 169253.5
240502 231407 150642.5
222775 224233 168324.0
169654 198475 174570.0
50928 42371 188203.0
35298 14277 167724.0
286483 302069 155248.0
20137 66921 164193.5
158660 128724 181650.0
2540 2062 180336.0
18018 27294 185437.5
67894 35165 160156.5
140210 79695 196855.0
215614 239957 200423.0
223853 228644 184280.5
64534 63904 179316.0
292688 289490 162694.0
104847 103258 172368.0
220859 246923 185399.5
212094 239004 190758.0
60907 62806 176235.0
118019 117193 176742.0
151808 122800 188332.5
135755 143628 172709.5
247510 242713 192521.5
223466 216918 186110.0
150332 132014 195863.0
161433 93546 183426.5
8279 13397 159737.0
301362 291973 179651.5
107483 119034 170607.5
20270 66284 171620.0
250454 243330 167042.0
190317 252581 170262.0
117359 130781 155636.5
122444 135170 162782.0
151394 152834 188166.0
291208 303923 157162.0
122563 124188 153682.0
96867 161248 190543.0
156303 112446 169945.5
194475 242017 189580.0
270679 42847 157912.0
91347 87767 163247.5
236947 233329 164992.0
62695 57198 177094.5
226957 250342 188275.5
52060 55301 177086.5
15598 10297 167978.0
115413 156391 171007.5
243633 246058 158923.0
6074 168469 199886.5
5336 14285 161362.0
47406 8299 176763.0
241608 227189 177916.5
237014 253459 200538.0
91619 87161 199725.0
190450 260140 194589.5
272203 269963 189595.0
245448 253470 152963.0
90151 94210 163964.0
66363 67813 157061.0
77405 51525 188814.0
64434 74939 157842.5
134916 155863 199314.0
199680 166998 181310.5
159037 77917 173066.5
26136 27739 153427.5
431 2238 156306.0
142315 109132 196770.0
246669 259158 165589.0
212383 240181 161243.5
6066 45484 199938.0
202375 197810 192038.5
256226 207980 191609.5
130919 118737 184821.5
233899 259191 152534.5
126558 158887 179275.5
239105 236091 176446.0
244280 247457 161186.5
212800 249659 167592.0
239859 247169 187620.0
136636 138152 192506.5
253759 245255 156239.5
248030 242014 198875.5
260660 221028 178817.0
260796 238809 160194.5
18434 14828 157135.5
115411 148496 164908.0
31446 25966 158324.5
224872 32115 153434.5
233631 236778 183050.5
225813 241019 187517.0
173073 178033 160846.0
250305 193571 172065.5
233512 219455 184573.0
184372 171175 184677.5
56399 61273 169283.0
259572 240400 155663.5
39194 17480 192383.5
114743 119110 199913.5
221617 256863 167596.0
222255 238662 184559.5
137389 119053 187299.5
85301 85383 182241.5
202275 193703 191404.5
267399 271991 174263.5
258370 247251 195247.5
229161 248030 174013.5
12903 4682 167165.0
290032 292869 176804.0
135288 141615 162275.5
220871 236492 189723.5
111857 156557 195929.0
130692 149883 167528.0
215176 211780 179638.0
135422 126189 159507.5
212355 236420 155471.0
287421 290997 172440.0
270249 104994 151197.5
235348 257797 172099.0
256030 236435 196357.5
318184 320738 189066.0
211072 1553 162323.5
55073 34658 185749.5
14747 33940 196323.0
238036 235446 164654.0
159070 138242 190734.5
310314 186854 176185.5
158220 113232 164172.0
211410 240035 185962.5
196240 164082 162537.0
245011 218309 180551.5
113190 137361 192132.0
153834 119857 156513.0
130159 152266 172977.0
245519 249142 176749.5
131904 106476 190514.0
65623 19641 194589.0
200903 208830 167957.0
65590 68097 186537.0
53084 3229 196992.5
53078 63937 190477.5
173924 170839 159005.5
317880 135398 173030.5
196908 199567 189198.0
247263 256502 157047.5
69946 71656 196566.5
320081 280625 170504.5
256653 229866 186313.5
8259 76620 188738.5
116620 108525 151515.5
136608 146571 153272.0
239176 248140 160854.5
130439 137787 168994.5
115401 141237 175367.5
247011 210935 157612.0
239582 230732 178183.5
228055 220572 183405.0
140548 107562 198046.0
143124 132943 178788.0
282196 285174 152596.0
42932 43983 158813.0
26983 38779 176160.0
235937 247128 194021.0
182440 178097 173670.0
309826 306806 181339.0
260629 219971 163788.0
131304 106317 195268.5
167245 198969 200148.0
245991 230220 189565.0
230924 220276 173486.5
193007 194281 157459.0
167780 199451 157006.0
75049 50968 189872.5
22023 9666 193875.5
237597 212276 185323.0
260539 210651 183003.5
249376 245136 180936.5
211713 234437 154444.5
29975 220058 181916.0
126659 122788 173031.5
141565 107957 194436.5
241793 191180 186185.5
50087 53096 177101.5
65460 67860 164255.5
57298 66135 195828.5
23667 29856 193525.0
140242 136662 191011.5
56400 71808 195108.0
20144 33129 182252.0
169735 182100 193347.0
233714 226188 179524.5
213575 233555 189205.0
1154 233791 195375.5
118636 108983 165440.0
210002 196188 189805.0
18394 2550 195504.5
223707 242759 199380.0
174889 187612 200403.5
255157 252156 195962.0
74876 56373 195141.0
172932 189528 174534.0
147844 126616 196438.5
246439 230546 174152.0
29767 220033 191454.0
126400 120228 185730.0
301815 288607 166010.5
21168 335 189178.0
249182 255479 200257.0
88362 93013 200095.0
20238 2190 181393.0
225657 250045 163577.0
129711 127419 169717.5
32828 37941 198797.0
240699 234024 170572.5
291212 304015 173681.0
27709 22528 179114.5
136860 122984 166649.5
247743 238717 183601.0
254336 256063 179888.0
149425 151467 161887.0
146539 143341 184318.0
219954 257768 196549.5
73369 70727 190754.5
159093 115930 162009.0
191339 252211 155093.0
200442 204588 173847.0
5437 168270 175756.5
25963 255461 195728.0
262720 264119 193382.0
157072 183940 179281.5
229683 235805 168551.0
220255 227595 174158.5
142361 149814 181318.0
142905 123579 195411.0
245916 255628 199577.0
233805 255701 161542.0
270728 44069 153139.5
256319 253737 177107.0
11092 5675 162077.0
136839 113034 192714.5
228443 250313 188801.0
145432 147876 184022.5
245581 231020 165526.5
57930 40837 183642.0
183300 173405 185012.0
23443 37834 166823.0
221712 228111 198830.5
241490 244231 172829.0
166647 198827 165802.0
68145 66211 157308.5
233439 221221 152701.5
222256 243758 195307.5
115764 107531 171476.5
254991 231233 199232.0
49421 13915 169895.5
133764 142977 183706.5
158209 138088 196141.0
254019 246453 173372.5
115020 114794 184372.0
219439 29548 189753.0
128493 133134 195324.5
186473 310991 184058.5
167048 196300 182154.5
202968 190943 171196.0
233369 229264 160764.0
224381 237505 184984.0
81719 82732 188389.0
227715 247053 165277.0
13662 17197 155768.5
241538 239141 152130.0
61965 55570 181165.5
159986 164216 160687.5
143009 143468 166098.5
149434 138718 168144.0
169689 162364 150835.0
21191 21818 200329.0
25015 35328 160387.0
222636 212656 163215.0
210833 226232 183661.5
154129 136406 180862.0
289571 286025 181386.0
218734 255631 150439.0
258665 245859 165664.5
274957 273344 170138.5
71522 52049 186423.0
13747 24210 193655.0
52942 75378 185850.0
187856 310834 191049.5
60626 63354 175337.5
222883 231729 160951.0
247912 258352 179546.5
34403 26769 195306.5
288980 297858 173638.5
7249 55492 176472.5
233035 249520 162575.0
227675 242036 180920.0
44970 269237 196269.0
45468 6919 172487.5
246147 234803 173181.0
131029 128396 154514.0
205497 209706 187984.0
17975 12545 184976.5
14895 8755 183216.0
123711 120959 185418.5
106669 151510 180913.0
161785 197683 182350.0
7823 3509 151054.5
50184 73246 187188.0
209704 203689 200308.0
212652 218758 167660.5
195013 200177 174763.5
108814 152143 150688.5
92693 88098 199858.5
114611 149720 194276.5
144808 148245 193044.5
150246 108628 179693.5
222814 239479 174832.5
46734 10199 197173.5
161223 199471 172171.0
250088 212923 186773.5
113182 140313 177362.0
263795 265568 178893.0
232061 236323 151721.5
134301 131418 186066.0
231385 213526 189546.5
