200858 242500 398701.0
53198 271997 355311.0
238654 250340 353877.0
44224 49215 364422.0
191159 197940 352029.0
59722 22050 367293.5
29967 64229 386613.5
112842 129182 384535.0
124119 155509 326269.0
271400 51859 359080.5
210171 193913 318287.0
56711 77228 391861.0
73989 89917 365161.0
102609 294818 382421.0
274515 268946 397704.5
136779 159612 395837.0
97199 194964 362454.5
280594 67264 397811.5
15202 19654 329798.5
5168 50537 367624.0
256010 191819 355318.5
145579 122020 318896.0
204379 195571 344121.5
39574 243558 363464.0
250087 232000 349182.0
39243 166182 323285.0
316333 122385 335897.5
11332 44096 379535.5
196741 162699 324240.5
42679 94281 382101.5
47297 161123 361286.0
141272 114428 387261.0
47853 96991 362979.0
32371 220940 386556.5
253091 27270 395137.5
164661 200395 322151.0
19927 36116 348033.5
127144 320724 330092.5
165259 15467 367339.5
134538 140709 343139.5
153859 152767 385126.5
31614 13620 373650.5
188967 183441 306865.0
32134 73442 398180.5
34823 77032 364639.5
15232 20566 357893.0
48951 12758 321506.5
158796 110438 394908.0
166300 3394 319317.0
195779 93732 346673.0
289799 281462 323427.5
109073 136094 323185.0
163046 15846 348554.5
195835 203412 315788.5
52553 9329 316428.5
66811 6214 392906.0
197710 13670 400389.0
59813 47002 376744.5
132306 320637 367162.5
117891 133181 315763.0
249123 193392 376891.5
205606 193376 343459.5
34090 27975 341969.0
191770 219642 388796.0
64797 49526 345357.0
100202 298271 338935.0
156173 146164 315248.5
163292 205182 393636.5
6110 35954 382333.0
158411 147454 353365.5
116880 119121 352815.0
10622 57987 357851.5
252781 236010 356621.0
55239 163195 344210.0
253048 234408 314797.0
42710 10221 338443.5
7468 199523 374205.5
95523 46119 323248.5
222747 252727 329003.5
8879 270896 396894.5
8581 23596 318158.0
59409 34826 344991.5
156751 136749 308737.0
219685 253358 301408.5
10671 199699 393533.0
167607 93602 337039.0
242350 224399 334649.5
26703 65461 389377.5
140006 313434 399502.5
198737 251247 380395.5
138884 150940 392819.5
33495 7591 371623.0
71207 9184 352507.0
27873 252183 394409.0
227637 217917 389988.0
170707 21410 340791.0
217201 223124 371107.5
29234 34828 350285.0
224165 258746 301727.5
260739 32256 352884.0
228360 190229 327276.0
229659 26002 376548.0
232473 192611 386153.5
28699 213945 381606.5
66017 35852 388015.0
25086 1493 310258.5
40310 219737 307529.5
142040 154317 373933.0
234871 262499 397470.5
55399 24801 382986.5
43733 75617 389960.5
210795 242905 342264.0
39939 22397 324032.5
107189 128205 302365.5
73069 28085 396760.0
133432 118565 371387.5
10535 56407 315600.5
207041 246574 399434.0
139664 127859 306677.0
60584 3054 368369.5
220101 250133 336698.0
313438 313520 363297.0
159054 127820 333278.5
218656 254554 313877.5
33271 210970 346433.0
74678 32809 394629.0
316586 318295 392147.5
30495 9023 372772.5
142093 117024 370682.5
36852 235846 356965.0
114104 115166 328941.5
193102 221698 383696.5
96103 49693 389693.5
141553 120897 361826.5
43959 76815 371851.5
249391 193658 384365.5
5603 26876 374874.0
303505 285683 356397.0
230608 29131 344082.0
223970 236487 317083.5
72009 76441 344645.5
1367 233962 377385.0
247990 1383 370509.0
173161 182722 347539.0
65518 37160 394465.5
270454 65466 376195.5
161671 197069 367082.0
231233 30282 345705.5
127103 108492 350270.0
249039 208906 370338.5
22297 19969 318699.5
228176 28543 386635.0
11368 52968 366924.5
32143 2014 362432.0
167301 92208 363937.0
13938 162482 337500.0
28510 257866 388187.5
16308 65597 379122.0
319456 135355 387615.5
265237 258494 338322.0
28024 37996 353231.0
19430 6200 389084.0
113132 123202 351081.0
33886 227482 400823.0
30897 34803 328924.0
19491 52555 354310.5
158787 148420 391894.5
75251 34367 373700.5
168425 209640 345714.0
266369 261335 378667.5
129733 112962 332969.5
256699 221381 308735.5
30796 12919 370453.5
142452 116066 316254.0
56585 22539 348493.5
19382 27662 350636.0
277903 319882 322862.0
165921 206868 352183.5
38641 27708 339697.5
5989 50698 375074.0
23650 54109 387024.0
313526 151290 348006.0
228627 27513 375520.5
23552 33868 306282.0
265419 237331 362773.0
24658 12796 320972.0
65812 48769 391340.5
295956 86419 362071.0
227794 212167 341734.5
55470 19901 357299.5
194907 8469 347191.0
27884 211754 344868.0
294088 296480 346301.0
251041 231921 347270.0
154938 174187 390668.0
159017 138948 313518.5
73659 76670 383964.0
96461 7240 361578.5
174466 185242 392514.0
94269 168830 338327.5
13777 231582 375444.0
19021 1093 350354.0
247614 211078 307540.5
147292 115440 392122.5
143943 124152 336752.0
198132 251978 388823.0
1988 73922 398695.0
51977 44742 359590.0
294523 304816 314754.5
18566 4618 338032.5
49994 62321 366070.5
65813 16620 370243.0
300064 297911 388233.5
226021 252474 372358.0
86858 301674 397244.0
148757 111779 314259.5
155577 121284 302647.5
96830 6564 365644.5
255090 30859 363564.5
191009 260886 372214.0
56155 60583 352988.5
58442 67788 323157.5
243788 203176 367304.5
145235 131442 307904.0
191846 246154 330049.5
250870 29190 400598.0
297481 298677 396870.0
194657 228846 334775.5
243817 225651 367604.5
191847 229889 362893.5
11983 23295 376636.5
59344 789 375836.5
126379 145850 392775.5
254206 213346 338285.5
106626 128493 345958.5
229309 266696 342968.5
57649 2867 353626.0
87864 282712 359953.0
36348 16592 370395.0
276539 271684 360217.0
194316 219644 350943.5
206337 255887 381283.5
91767 306046 328329.0
114921 139092 347161.5
94119 195684 353378.5
196266 193339 393150.0
254985 208881 313413.0
37181 41268 360651.5
46858 12400 322223.5
254211 29285 356242.5
132905 150914 357484.0
227560 210591 400264.5
200921 164480 333197.0
30324 227821 339764.5
299256 305084 376517.0
258171 220610 314493.0
153648 129032 317187.5
62393 49944 368885.0
165570 97023 384915.0
297266 290023 340864.0
67984 39028 303138.0
32927 36483 388651.0
28828 227557 352083.5
243684 239329 341996.0
42778 68365 346892.0
168969 207327 357119.0
156730 122711 376097.5
224709 227389 396572.5
248099 254150 309637.0
92594 46013 306874.0
37926 50768 382319.0
73539 59724 371698.5
259786 220291 343767.5
104856 275167 363683.5
239388 251359 388836.0
129218 115715 373098.0
227390 36562 332532.5
18175 31361 341827.0
264981 250078 395459.0
236004 253387 347692.5
26514 12721 351902.5
50419 4527 340411.5
166140 45713 380817.0
315680 155337 388675.0
302281 301178 361520.0
301419 285675 318124.0
259362 224977 323568.0
145752 109880 393920.5
158593 141288 353282.0
244924 266311 375116.0
226021 217882 324298.0
53004 56142 347221.5
173705 186954 303347.5
18930 77156 360911.5
27390 8181 381923.5
103743 51874 400392.5
167733 6612 320480.0
317189 128463 376443.0
69900 50567 395334.0
254680 25578 328252.0
207145 230708 382920.5
218132 250318 347020.5
212217 245513 313082.5
17189 166721 382536.0
163283 95403 319339.5
249606 29798 386627.5
53022 268970 332809.5
179097 180802 379717.0
148668 158014 365423.5
86863 292174 359796.0
142174 120954 375527.5
7927 93911 391365.0
71728 30022 387758.0
221708 23811 400380.0
304961 100230 345125.0
26886 37181 356106.5
155565 107862 357988.0
66072 18032 318858.0
106095 159353 385285.5
242955 220353 323563.0
218761 229079 318475.5
26693 196400 372810.0
89201 303775 392245.0
215737 233205 347070.5
73269 58318 342189.0
26271 219024 324803.5
93333 6464 392773.0
100889 268528 383302.5
91158 295725 379834.5
22474 167105 392291.5
136934 117813 371869.5
29664 245472 376254.0
233256 30269 320539.5
10443 44216 350083.5
253612 214727 362562.0
183736 171964 341486.5
232565 218973 366348.5
129340 120995 323555.0
93384 195312 368266.0
247755 214120 317691.5
163410 90948 380311.0
121493 145027 337966.0
201900 250826 345023.0
256166 205886 380301.0
111798 137240 340231.5
59032 271861 362199.5
139120 149031 381857.0
156697 126235 361960.0
319546 122046 397091.5
182105 179369 311510.5
4931 70772 322204.0
450 93269 326070.0
13105 52573 354587.0
58010 16079 398916.5
52008 272279 372762.0
5097 13462 319273.5
51364 67531 320818.0
167888 45290 372043.0
75108 64837 356600.0
224952 234936 352851.0
121562 315843 398426.5
10264 94755 391504.0
190837 236829 374979.5
297597 105730 388914.0
285852 295684 367547.5
237545 192248 390338.0
13959 58097 399468.5
126986 154535 339328.5
222372 236439 311084.5
70892 10414 309274.0
240340 223793 306880.5
54865 40179 351681.0
96360 166092 318046.5
49666 96591 361401.5
231243 35843 381384.5
5149 24765 362620.0
300801 298889 317208.0
181003 187059 385500.0
65219 41693 389870.5
44099 76528 344342.0
87817 46775 400478.5
218769 240121 334630.5
5602 160530 311907.0
1199 68282 352531.0
232625 192809 332504.0
14884 54382 368404.0
49498 196078 398296.0
23223 11586 366598.0
222599 29744 362917.0
20411 34877 334260.0
294555 284267 341152.0
164652 89134 398689.5
29460 236592 311818.0
254427 208056 372076.5
90372 195523 351486.5
39857 23711 309458.5
243831 215102 350183.5
194022 198763 367082.0
257293 258993 311386.0
257536 222173 335790.5
214156 27756 382742.5
776 92594 357592.0
147873 150758 344833.5
97314 169554 331069.0
35046 36598 365002.5
87967 89185 325329.5
249541 217680 314460.0
8186 74453 323118.5
225094 33304 352447.5
11476 47064 317679.0
13707 27498 342301.5
319732 159362 327742.0
133004 159186 306479.5
167648 93789 315950.5
20375 59599 346591.0
241895 209451 341662.5
221747 223243 384994.5
29863 227623 338232.5
241208 230026 309132.5
122451 156771 381470.0
2050 26705 376842.0
250865 226000 346885.5
17418 6085 332974.5
3299 35838 374135.5
129351 320169 304908.0
8726 270160 394876.0
239974 258827 364031.0
265516 239065 394329.5
218927 204738 395313.5
9260 272828 395173.5
13823 51387 313569.0
207658 232043 395134.5
126133 141825 312197.5
2901 166861 301627.5
88193 54628 384848.0
24089 218479 340721.0
259395 222196 345589.5
255969 29603 358519.5
17982 6067 308135.5
9121 26906 373262.0
45111 65673 389720.5
208637 14804 394733.0
243747 202943 373925.0
36152 253987 368051.5
156653 135691 319698.5
145785 158697 328305.0
204228 165621 345428.0
161847 10710 327074.5
152430 137238 352652.5
149031 319915 387374.5
110336 106623 377650.0
136789 111453 354348.0
8233 198533 363544.5
16624 5350 311256.5
140715 135391 311378.0
114836 312939 383597.0
297446 87063 316227.0
168376 43115 400253.5
157754 317817 317176.5
224265 228520 316297.5
297346 303965 333409.0
24013 211209 391940.5
161339 8797 344473.5
275240 104236 342730.0
214364 216165 351484.0
9976 61216 360328.0
254811 192727 305931.5
79604 131340 394108.5
203187 160991 347583.5
169128 16038 384031.5
116847 106973 313159.5
163927 9755 341730.0
252799 239278 355342.5
120415 157859 325880.5
239553 217902 312286.5
68397 65038 321005.0
38530 52905 381342.5
2351 59205 343708.0
39032 188464 344619.0
101397 300951 377389.5
29889 224446 314051.0
121342 149358 325275.5
163570 202325 355286.5
219983 31196 377320.5
202235 169088 313863.0
5108 43668 368246.0
32838 37304 351701.0
21101 69944 377786.5
255128 215280 339982.5
28901 256318 306947.5
167271 52743 392835.5
101922 268338 336088.0
38976 65354 314950.0
19825 35752 349868.5
264683 224663 376062.5
220394 32430 382200.5
289331 285345 328403.0
13092 165049 343903.0
211963 24948 391421.0
27028 213689 388741.0
205185 230226 390934.0
47757 16195 353885.0
32069 228606 335766.5
268227 58094 361492.0
128954 108020 303922.0
106364 124515 392066.5
23313 38698 330924.5
273907 267366 338246.5
145449 128437 390776.0
242224 225684 380655.5
35955 251774 398264.0
137723 109959 311070.0
169599 6867 310266.5
94420 8635 396386.0
211489 190963 394287.0
291788 282524 311685.5
56063 4167 314750.5
36941 30929 330408.0
14744 163222 341381.5
654 36680 382073.0
237192 252043 332169.0
105092 297349 383745.0
92132 4820 364651.5
167253 59776 398513.0
5504 23731 337657.5
246384 222806 313037.5
30705 13931 351475.5
97275 47920 367629.5
15224 29580 342707.0
74493 17234 387335.5
230496 222350 382318.0
175307 186070 373471.5
133993 148506 355832.5
93452 198018 375686.5
235369 242415 326522.0
257862 253840 329930.0
105907 142977 322794.0
221851 242048 348758.0
165179 48893 341211.0
123425 155745 394454.0
13719 38561 363946.5
210962 250284 328785.5
274690 270887 360765.0
228537 189979 378962.5
222062 227261 400995.5
156985 118943 340747.5
243850 234957 312650.5
210134 247237 354121.5
46575 33647 348977.0
161906 95057 312423.5
201738 194258 333231.0
67295 2348 325778.5
235034 219376 301689.0
17081 65727 354813.5
291280 297581 345203.5
167631 76633 342642.0
198661 9946 395422.5
123768 267506 349794.0
47035 13865 340357.0
72108 76455 332829.5
301555 299077 328804.0
145309 116059 384310.0
178536 1772 380962.0
226121 215691 367948.5
119045 129352 324764.0
288953 296521 346013.5
27826 32727 371022.0
198662 47779 399270.5
251051 220434 343033.0
78543 148529 303877.0
316327 317992 327670.5
158537 147900 391822.5
96870 49576 371115.0
164714 4262 303375.0
60887 104656 384233.5
299196 100585 366644.5
127609 158175 362260.0
61013 34677 381483.5
53197 5122 326529.5
190079 258805 332073.5
235053 245577 334837.0
212740 28938 350376.0
169672 53438 400856.0
258458 239137 319750.5
108660 317804 357332.0
117564 137782 335000.5
149928 78345 365235.5
163220 92735 351672.0
166276 204309 358382.0
45534 50750 357816.5
1678 90070 397252.0
293607 89294 335095.0
231271 264610 348538.0
20756 231186 352477.5
236446 265355 400675.0
22890 38385 368187.5
316966 152413 400177.0
89590 165683 384381.5
112545 122361 335624.0
160501 7096 333217.0
157842 187281 389056.0
164785 51389 368841.5
160602 11221 362222.0
67016 60125 301408.5
101074 100472 333340.5
16439 30179 381154.0
238989 265032 379000.0
213316 226354 306668.5
4390 92489 359203.5
220723 31719 306530.5
28800 243738 373320.0
166489 47128 355275.5
300710 89332 336352.0
125472 140615 338222.5
197384 199452 316449.5
36385 56638 374158.5
124226 150374 389908.5
299772 268229 376838.5
8753 199533 370485.5
262177 249772 346397.0
244164 210424 324820.0
12153 57372 378273.0
72393 8232 312270.5
46922 96716 320926.5
204042 243433 377229.0
237555 34036 400239.5
252624 264294 394688.5
246202 212879 310595.0
53287 16999 375025.0
208286 191437 359465.0
6343 194899 348494.0
252915 199790 381906.5
71708 31139 310339.0
53814 45258 319584.5
293522 92852 379214.0
66944 49824 375366.0
256384 36571 329222.0
153476 148804 337992.0
195660 96419 332146.5
10520 35168 379818.5
176796 188333 365529.0
34960 25905 342270.5
268860 5582 397894.0
128926 111572 361628.0
9618 37708 308582.5
238794 225118 338903.0
103934 105562 328287.0
159432 135986 321794.0
130497 114345 390124.5
135049 121002 330891.0
28230 37241 385243.0
196927 206991 367074.5
225736 251232 322873.5
51041 42824 315395.5
29055 232110 357848.0
33434 11780 319669.0
240748 229665 328736.0
197846 206685 317378.5
11291 40114 369600.0
209496 227873 386212.5
116789 142169 400244.0
27641 230371 357431.0
229732 214917 315333.5
126104 120563 400283.0
156716 133960 340390.5
161359 46497 381442.0
37934 73976 398379.5
290330 285513 313022.0
232865 209627 400387.0
64299 7087 383817.0
11901 57404 394222.5
20527 25378 370165.0
227534 25872 392078.0
107560 78522 373527.0
6809 43058 307897.0
251171 32221 369075.0
134272 137482 309774.0
248591 229703 306362.0
92537 4814 364718.0
28180 15559 329443.5
111011 119204 317452.0
19081 220474 315777.5
265496 254918 374992.0
134673 107796 364172.5
61444 5687 368940.5
211789 220033 310650.5
119099 114149 333886.5
201160 244917 393868.0
205874 193220 349597.5
301221 105738 334305.5
94254 169111 337060.0
206741 195485 339317.5
199246 207068 319903.5
59761 43253 336546.5
73929 43929 369013.0
48225 160826 369093.0
30097 34716 391050.5
132986 119888 386671.5
316020 130808 399463.0
141454 146806 304076.0
10442 61732 362952.0
48407 91903 361990.5
66618 52011 311984.5
232033 27429 375057.0
253455 212153 339911.0
147211 138346 326837.0
256646 226215 334048.0
110536 116092 361880.5
209346 49467 377704.0
165543 13955 366785.5
251311 239297 388763.5
42387 15374 385428.5
248296 251861 343654.5
288704 305032 333050.0
143533 78547 323778.5
178133 188462 340566.0
221355 34188 394653.5
220280 240197 310690.0
222431 243301 351513.0
13235 163671 349616.5
138095 147924 379417.0
294922 306020 313950.5
252388 235695 357763.0
165945 49329 344937.0
86522 93827 358204.0
46421 64776 365707.5
188707 176898 328264.5
263824 237564 396924.0
131280 153199 355900.0
194341 243702 375265.5
304238 294335 349988.5
13934 29340 353910.0
119192 113222 324123.5
47406 22493 387106.5
106127 145214 304571.5
265526 258074 390538.0
215822 222228 350132.5
239235 220324 317759.5
50887 13556 346365.5
218424 38630 356731.5
45589 51595 344575.5
26663 16255 318960.5
116844 108883 318829.0
87303 47293 393839.0
224104 236739 323349.0
55851 28230 370212.0
61057 52630 316462.0
228567 240601 315402.0
253800 203923 336668.0
115923 119172 316970.5
115343 125835 350044.0
253844 34271 326332.5
145588 136854 353837.0
89040 160671 396908.0
91455 295867 371631.5
10547 47709 301738.0
241290 228331 321291.0
132653 148472 369567.5
56018 13444 333947.5
299267 289433 362614.5
260768 30449 343864.5
28519 245320 361043.5
286295 290506 315084.5
235876 38170 398758.0
218674 248932 314621.0
316397 279238 317550.0
167459 42284 373274.0
214713 222655 384031.5
145302 120446 356390.5
158841 155388 364599.0
170943 153437 387285.0
184177 187156 303888.0
29409 1751 366542.0
19752 10220 395868.5
133408 141845 319084.0
100957 272717 396607.5
31663 16681 330158.5
150811 154483 374945.0
152805 155025 375863.5
194225 207077 316410.0
168115 38511 354416.0
269270 102899 321401.5
216341 249378 387242.5
209302 194402 318468.5
157913 142068 349707.0
224211 226510 309965.5
63856 43251 362861.5
50071 166240 385348.5
60590 14306 395985.0
45274 6247 333857.5
35895 7864 384900.5
123185 319378 359869.5
316796 132433 386095.0
268144 104921 304797.0
64841 63027 346776.0
158138 114604 304371.0
164355 8823 303124.0
88809 90629 343205.0
265983 258471 350563.0
110593 135397 337123.5
214412 33973 396652.0
217776 230251 395306.5
30218 38619 352429.5
38482 169151 361623.0
193942 198516 356500.5
88569 45571 391190.0
238775 253172 376718.0
167183 14545 356312.5
293932 93358 397768.5
150005 127342 370384.5
318825 315872 359399.0
108196 135590 340812.5
251025 241856 354834.0
245720 193159 317132.5
242772 262979 397678.5
256286 260366 372206.5
155407 147816 380590.5
16302 35191 368209.0
149118 106718 366544.5
258681 210373 304941.0
239927 1242 372034.0
38590 220356 386715.5
113491 117885 339519.5
320749 136757 397334.5
238793 245066 318969.0
150446 127904 314036.0
302971 97667 351689.5
294207 296877 362092.5
243460 220849 315131.5
121716 128003 323145.0
308348 178046 365866.5
291152 298834 346609.5
160094 92947 308566.5
212483 194118 397844.5
47473 96625 337564.5
70604 44341 373187.0
214930 242235 379194.0
4844 24746 374075.0
130663 79338 350602.5
129403 151257 303565.5
7014 269286 382467.0
268239 47351 342000.5
63623 9698 387144.5
88014 291670 389580.5
218304 248503 372577.5
256372 32125 320017.0
132077 151126 339815.5
168676 6220 322126.0
5790 52626 328536.5
52589 6204 346351.5
305992 101846 337910.0
73942 52010 379516.0
148809 156287 315552.5
188379 70484 333297.0
89981 164489 392530.5
47710 97798 389928.0
26578 259318 394205.5
257210 193924 309737.5
190092 210373 375046.5
293432 90890 377908.0
30018 18705 332854.5
314965 313503 366716.5
37817 1318 363531.0
31892 13191 376445.5
270392 104885 337766.5
221627 36004 344428.5
34095 25410 317866.5
22228 225965 373895.0
10767 199634 399154.5
124207 149203 382750.0
79151 108075 368748.0
196332 95569 379997.5
14017 163560 355645.5
183225 174150 347536.5
316689 134849 362119.0
242417 249468 309880.0
212671 28142 361496.5
262319 264154 305165.5
21404 44598 366232.0
38426 20435 313023.5
127499 111861 379219.5
216096 235662 356992.5
39898 57969 374263.0
308710 306764 333804.0
20199 11770 369803.5
107336 116883 311026.5
190721 167063 398093.0
230939 26336 376183.5
59498 45713 367928.5
225389 36108 362586.5
299519 290433 376955.5
39336 227622 334727.0
137412 114130 381892.0
24350 4914 360376.5
7963 27155 392470.5
197299 204067 356748.5
78117 107923 344861.5
8584 167632 304311.5
50002 167797 362371.0
137003 78099 340630.5
255412 26059 376736.5
69654 51703 385045.0
270763 299460 399837.0
75326 32446 301582.0
158198 117071 341646.0
139451 152369 301603.0
34957 25698 342888.0
154307 144317 319119.5
129062 78729 388288.5
17286 167324 381306.0
7330 37439 397374.0
14378 168470 361624.5
69477 186781 339753.0
126805 151317 330872.0
75037 71482 325430.5
226173 206115 359902.0
38164 221620 332384.5
105446 290899 374952.5
265480 227529 396385.0
26933 2034 383575.0
53768 21828 394569.0
46695 166862 329782.5
17553 71341 359884.0
191846 195895 365869.0
21740 39155 374555.5
72534 46066 352005.5
195706 6960 370694.0
121074 138788 319445.5
284695 300272 324083.0
239859 243405 329438.0
49707 271248 314202.0
52506 70047 392543.0
315462 122031 362088.5
123161 149395 324639.0
42403 13400 370819.0
135740 78939 363830.0
13287 43268 397841.5
180111 185688 357742.0
256867 252340 356109.0
201176 162682 326814.5
72689 41010 387698.0
32065 16424 344442.5
248227 191539 398260.5
255298 214295 335079.0
64737 19867 306473.0
191627 242788 307566.5
9031 168502 320989.5
28558 229204 374431.0
13376 29433 343416.5
123153 139666 314119.5
180449 171599 398765.0
20107 24198 311066.5
166883 22826 397519.5
254196 222199 347549.0
62335 20964 356197.5
78907 108106 346459.0
21523 45747 379547.0
139274 147441 319427.5
14702 161439 379462.0
194093 234884 380467.0
228072 211342 386433.0
65398 2627 376867.5
54456 35281 380802.5
156641 114116 360601.5
279001 299475 357321.0
124928 112461 377990.5
25124 55389 382674.0
103141 280425 338352.5
139406 116910 357371.0
246752 215785 394074.0
49224 52286 356707.0
64521 18001 350526.0
113159 125200 387174.0
260049 258955 399143.0
90176 72835 345361.0
302332 299283 326329.5
10354 23934 325610.5
27915 250212 372646.5
294511 295607 306710.0
200982 197539 319605.0
90002 7769 386606.5
263494 245587 363802.5
4264 16989 326136.5
40240 210833 352365.5
193139 246943 317327.0
285982 292001 332931.0
54950 165950 374292.5
141596 77579 337152.0
149726 146535 341381.5
50874 11383 364874.5
275711 269512 334743.0
99785 298414 322129.5
124045 150279 363178.0
294905 297649 326477.0
116327 132213 370229.5
252024 264212 391068.0
35242 4564 319962.5
121736 139139 301153.0
8961 198743 394374.0
193891 235695 393790.0
