294617 271273 705652.0
43219 276175 626555.0
191810 12515 718977.0
117588 121208 615007.5
226612 167829 716459.0
33425 247112 675745.5
272443 134245 779565.5
220054 65735 684212.5
206961 18719 770873.0
119703 60876 727591.0
154110 171861 746945.0
29675 94802 765076.0
210808 263041 623488.0
24840 50839 672610.5
295925 47078 663221.0
200337 94751 649291.0
164061 65845 670919.0
146223 175907 707347.0
282441 161735 778758.0
209566 30557 740676.5
28556 56446 641492.5
28426 210189 731016.0
195795 248424 762501.0
117441 149891 646307.5
275279 99933 775178.5
93562 27651 779773.0
10908 104986 676797.5
66904 256238 780101.0
247248 10999 749171.5
270510 21319 723247.0
268320 286181 784653.5
176604 148131 651652.0
180862 25789 764282.0
134378 78780 695123.0
66386 267183 794776.5
30770 180300 769205.5
27013 48565 670824.5
209049 97128 757769.5
1149 55232 669228.0
42822 267988 642662.0
152933 112420 612348.5
195694 256278 735158.5
61994 102946 605742.5
280571 63716 614859.5
191936 19741 721839.0
228829 17056 673645.5
223232 227484 602935.0
97762 36430 775228.5
182482 148292 777374.5
206286 44588 787976.5
97103 44297 696076.5
200468 25775 750928.0
18739 87883 778995.0
194572 162353 615878.0
48878 2742 735835.5
123754 274524 669689.5
191009 89385 768937.0
253175 11629 742503.5
60783 169932 782240.0
272930 7047 709588.0
193380 29514 633559.0
29270 204253 689747.5
268360 319399 747175.0
22541 165880 635193.0
219339 199038 691520.5
247049 168726 716032.0
22326 243621 685890.0
58461 95477 670781.0
167742 56142 695076.0
140007 320480 649082.0
20156 244735 658283.5
286403 100984 638700.5
227124 66136 710254.0
90813 9233 634139.0
15537 253328 716615.0
283560 298983 700392.5
2335 161296 793135.0
203167 10392 646414.5
17255 936 710147.5
31296 239342 669235.0
17624 261084 746520.5
59501 224525 791877.0
151998 140608 606566.0
288644 88776 713434.0
35681 56858 674114.5
48190 198945 619048.5
194901 293601 779231.0
315520 140468 646024.5
17400 255643 617412.5
78048 317176 733192.5
103043 95000 642127.0
68224 178257 790719.5
230567 164695 778717.0
169298 71171 691295.0
89442 195637 615258.0
183800 188406 683084.5
61867 211058 770020.0
157333 108945 686980.5
197854 58780 681375.0
202362 36964 673302.5
237814 165697 789932.0
33147 251603 675956.0
216362 24640 759966.5
93849 251040 755228.0
177128 60233 788878.5
5386 270758 615885.0
47733 203871 675988.0
6400 205630 721177.0
228227 66613 735439.0
276502 3534 705058.5
89917 102029 769844.5
72939 17499 643511.0
32371 179402 624299.5
7754 101535 719290.5
237638 64554 798330.0
92070 19088 715939.0
165612 18494 712371.0
95597 22160 696530.5
277059 299859 780607.5
30518 195691 736678.0
213306 190726 628226.0
190953 1885 775554.5
131849 171438 800694.5
26558 60193 655706.5
39943 41001 612008.5
57359 38830 687635.0
100962 56497 766632.0
271616 26444 790558.0
222811 202029 669241.5
258745 13011 614031.5
4859 68681 648677.5
201807 60681 781853.0
1730 269170 780068.0
89858 19678 796968.5
120888 312926 707895.0
241669 169404 742642.0
162159 41628 745807.0
264640 217586 617448.0
188879 38823 629960.0
50846 293675 735865.5
63975 27028 689210.5
239986 37265 694054.0
201679 233951 660053.0
280012 13857 767470.5
30864 70019 759031.0
221065 67381 713863.5
18811 180015 760550.5
223540 64909 703384.0
39985 76141 703459.5
264158 32018 709212.0
45591 202816 705322.0
49329 242043 797532.5
15377 213551 688888.0
204779 45550 724184.0
9637 250078 773382.0
7248 205925 694633.5
34508 89515 626671.0
29777 64857 618752.0
250949 19881 698904.5
232399 17338 714777.0
238741 205381 656693.5
43864 104609 683832.5
167890 101862 799002.0
168032 210255 662122.5
313652 153324 633836.5
6615 38415 632938.0
204566 91023 749054.5
299826 60993 726383.5
237474 163515 800806.5
136577 184375 649368.5
200836 260919 641700.0
96887 55604 627322.5
203071 13554 664734.0
55933 165415 703948.0
217613 164148 785999.5
92142 270174 606630.0
39521 163699 757400.0
593 53056 705531.0
6533 77214 748819.5
312635 148729 696685.0
18973 104337 734983.0
243946 216151 654203.5
237986 196467 769140.5
35753 269554 765850.5
35638 225499 622869.5
9474 202219 629559.5
76285 20424 633851.0
197077 3418 612630.5
32662 69064 635437.0
184151 320359 763542.5
32688 46681 745705.5
22800 279266 711010.5
6197 248337 795419.5
319371 101506 741671.0
252731 16586 680122.0
205668 164433 616156.5
174611 30972 789254.5
302514 82109 709827.0
38348 46090 713320.0
44604 45242 701936.5
152480 156495 619082.5
206610 3351 662671.5
300814 90601 797428.5
20740 5443 649527.0
65449 94084 712339.0
195450 26046 690600.5
37263 231352 660101.5
319844 114790 799924.5
64464 226802 773185.5
24855 163964 676626.5
196198 257775 732977.5
296372 163541 728431.5
166546 222611 789516.0
94914 299902 681553.5
31922 49659 677551.5
276676 296411 755952.0
168640 56943 705801.0
202317 246469 614493.0
277048 51463 670318.0
216073 31121 757670.0
226893 64570 754018.5
159977 24944 652466.0
35044 60995 614266.0
47584 98253 626489.5
171807 60922 782935.5
101867 302929 626035.5
35175 260053 748020.0
92379 270398 626553.0
11905 237105 753953.5
1744 210746 650805.5
32436 208784 775835.5
297360 57172 731856.5
76183 105079 686118.5
11178 246363 742683.5
180302 131921 750613.0
13165 105628 676913.0
205731 14997 797981.5
33787 212890 664149.0
89302 202045 752157.5
4301 254502 773408.5
88933 290592 777251.5
312 50578 717513.5
209055 236467 620522.0
148752 148630 616033.0
199460 220231 713368.5
120715 135917 758766.0
105428 80524 735350.5
21395 222369 691958.5
203909 11039 672706.5
4484 218527 734538.0
191272 14641 759367.5
21331 220650 614005.0
16765 202925 729815.5
132997 145823 723422.0
27877 46868 681680.5
26595 185059 702002.0
32167 224688 652837.0
252510 225860 702073.0
198837 13924 631351.5
198935 52124 717227.5
261168 204822 639102.5
317294 117067 678375.5
87580 63813 801791.0
12386 62671 657125.5
34390 196608 607402.0
22350 271581 770921.5
267153 292933 715129.0
66183 220142 668650.5
211751 169382 790860.5
71929 200783 792563.5
276295 292807 770478.0
94837 280450 614914.0
25149 160547 678617.0
2226 4722 689209.5
265483 222411 687432.5
40562 315662 627832.5
183799 134648 639523.5
37265 232129 650426.0
250683 30687 685923.5
86163 41732 778394.0
299947 83745 800741.0
87921 163769 628008.0
243942 27074 730898.5
277841 156980 699033.0
102801 87430 669782.5
158895 179832 745622.5
41315 15013 718686.5
233303 56322 699247.0
70812 179388 666675.0
244056 19296 674157.5
571 220895 743647.5
56626 204408 751236.0
44714 75182 725075.0
7779 221329 727686.5
146127 174305 674118.0
39081 2979 722488.5
163071 50382 609208.0
167973 19654 681588.0
160251 271409 711260.0
256677 28975 611459.5
41427 66189 602953.0
144393 183943 655780.0
259416 17317 721029.5
102268 61377 684052.0
241564 66191 769319.5
47884 35651 667270.0
231879 11418 715883.5
66019 247754 776007.5
157545 41158 754623.5
63492 172415 740300.5
210731 161642 797695.5
197368 232535 752541.0
232625 34894 706187.0
3101 19974 631809.0
181401 187853 645543.5
296441 276359 753676.0
151099 126286 611214.0
233120 4022 764242.5
215161 225469 633538.5
43381 176727 668046.5
266105 224374 658472.0
163779 18596 630886.5
166905 254541 707016.0
56379 95959 667199.5
208432 190488 693034.5
200152 97335 790814.0
185054 155929 680746.0
65127 48 668578.0
223609 73744 770965.0
25206 224040 611897.5
260933 168738 681678.5
245522 210077 627192.5
31061 421 608401.5
210467 49334 790849.5
162670 200820 611585.5
52173 295085 778589.0
299266 95367 703126.5
191265 238866 642804.0
199873 66782 744935.5
270010 28833 769340.0
237282 11920 753632.0
157798 316794 626005.5
20575 189321 606476.5
168637 21194 760009.0
103003 90607 701282.0
90791 210117 637212.5
10413 201353 643439.5
18190 209448 746173.5
53149 32174 691220.0
68325 225017 629134.5
273524 145129 721308.0
185538 21256 713384.5
216287 30001 702348.5
268978 89105 654301.5
72040 202314 755763.0
260302 201612 695877.5
129944 177747 793373.0
11850 91891 639677.5
255441 22663 629375.0
235931 7201 785292.5
45806 296378 704752.0
65680 199124 705080.5
277868 132026 618238.0
103896 50766 652595.0
60606 96508 712914.0
275980 16402 801027.5
24954 231518 609340.5
188072 120088 769583.0
20063 274760 789272.0
156245 145775 719512.0
209369 64291 721502.5
245795 6341 770585.5
300550 87101 715424.0
53329 52198 630892.5
197339 218445 739036.0
186685 99217 745998.5
263805 19487 796912.5
232597 206687 655746.0
220974 53140 760632.5
220779 169267 768241.0
166810 228370 758374.0
201900 11632 652861.0
198243 33978 743809.0
269114 86394 765362.5
278924 62904 745614.5
160266 52454 667606.5
44339 279660 620085.5
220517 170772 750249.0
104188 66214 723582.0
180755 151636 774858.5
26728 48418 667941.5
166696 227760 721782.5
53117 27457 637318.5
270497 299555 606913.0
20098 245850 675164.5
93283 305222 738305.0
17952 247987 701422.0
200691 42356 762319.0
180786 318385 718200.0
201958 55974 698732.0
89912 11066 798057.0
76335 255749 706216.0
222184 59572 789933.0
15402 230954 683311.5
218735 161509 778758.0
233742 67010 694615.0
16493 182350 711948.5
1119 96967 776331.5
167561 21166 747006.0
104238 277061 707610.5
38368 226877 622520.0
160273 255293 740089.5
36456 161779 700767.0
50519 29111 710941.5
100385 293075 664194.5
34423 206793 652540.0
62664 22393 736625.5
191619 222431 639692.0
110087 147276 726816.5
161923 22452 603514.0
175305 73999 672335.0
318419 108093 653858.0
197553 26185 707810.0
42423 273935 661766.5
67366 280862 723151.5
185092 224503 797299.5
199229 270880 715684.5
65140 243217 786116.0
296671 3142 704455.0
75534 280173 765877.5
196641 46339 666123.5
38751 247161 682717.0
133009 172555 745597.0
80185 300911 669122.5
728 230588 744550.5
205936 232052 634291.0
67962 102665 781454.0
30836 45687 702993.0
203304 47935 709147.5
6269 240876 774252.0
198815 230755 759947.5
302055 84227 605437.0
13314 197956 631255.5
64675 297127 785862.5
310136 186511 755663.0
246812 195895 719179.5
56851 28894 690425.5
144769 120633 639945.0
41442 39445 726318.0
37164 235437 755500.0
145389 118101 607806.5
46952 197439 712217.5
212581 65525 719280.5
227068 24129 602043.5
32922 41846 648658.0
154461 187602 759671.5
8091 273314 773270.5
198594 258198 794879.5
281624 86019 604064.0
251500 49651 761065.0
251747 45482 802180.5
215019 207980 605836.0
275041 296993 706729.0
204405 32372 748090.5
149893 181330 703383.0
63841 219753 760317.5
320390 106618 784009.0
226846 71730 713939.5
184524 185016 707605.0
29865 225915 694155.0
190790 21525 754946.5
188345 74842 729694.0
204685 23719 747383.5
233046 261191 618649.0
216150 22766 787248.0
112258 146149 606340.0
61015 93660 709022.5
224116 167967 771746.0
133560 172237 733330.0
16708 269166 665583.0
239744 262750 607568.0
270317 88316 704154.5
245368 160686 741266.5
65260 164251 651910.0
272566 160719 796833.5
49752 72830 605096.0
297528 281231 658683.5
209854 26273 722816.5
300027 3075 721187.5
99855 281453 606496.0
199382 30123 747983.5
254897 6952 764773.5
239811 19120 703911.5
79000 184591 766192.5
215643 2214 802134.0
272848 36368 791931.0
39249 293337 790780.5
271095 35811 736912.5
248605 37463 637099.5
169301 212376 795823.0
188059 69735 616008.5
246581 77019 744762.5
8341 244945 666028.5
225723 263740 653008.0
233024 198697 721248.0
65146 234056 754651.0
87096 191786 769226.0
237265 204313 657490.5
288244 95665 767951.0
105620 163737 698952.5
75790 16897 694211.0
238736 39232 766573.5
13025 70894 625732.0
550 13195 712973.5
45067 161127 608993.0
89951 8579 605640.5
105199 277376 724332.5
68928 28061 775319.0
231140 20025 702810.0
13926 193501 602453.5
173478 308146 666171.0
179196 256091 777423.5
96118 205688 732289.5
5110 44528 695166.0
162529 66612 654003.0
201481 257852 702403.0
91192 12428 628804.0
26502 240669 644175.0
40480 80778 789546.0
230911 33012 649817.0
3976 255883 733206.0
7555 209547 737631.0
180567 154566 669676.0
162982 190616 609096.5
161475 245044 756166.5
157071 317047 696123.0
167083 42494 602819.5
82376 304355 780471.5
36465 218786 713296.5
17083 231419 683787.0
25100 222277 651893.0
132423 157171 609902.0
232188 8337 765665.0
216795 57628 765690.0
197483 9414 682524.5
68498 166833 713299.5
204736 46649 712725.0
283701 85948 688769.5
321156 157191 640668.5
317102 140302 611438.5
280356 134391 641415.5
86835 91388 607736.0
46696 304960 801453.0
23377 178822 708618.5
149803 172543 654672.0
245943 18521 694833.0
235092 26740 616722.0
276836 100030 779130.5
74509 199960 698904.0
121632 170043 746389.0
119312 137055 659518.0
166118 26652 683780.0
37985 75433 665311.5
28314 59993 666578.0
96226 13740 623398.5
193886 94351 722347.5
66518 198502 774614.0
295980 44246 732369.5
3829 190965 671262.5
208000 48894 777148.5
98578 200734 628864.0
95718 41382 783538.0
260065 215829 668150.0
250595 28398 606334.5
251556 15666 714871.0
77354 254013 744670.0
292420 160622 786201.5
140664 181390 767938.5
254679 222337 641201.0
275885 294489 776199.0
31142 202947 765409.0
13189 64090 606057.5
147109 184524 607593.5
52036 195638 661657.0
121888 119860 607249.0
252298 263077 656538.5
18821 220533 612442.5
26240 208239 711565.5
3719 75356 699008.0
104380 293937 690571.5
215980 20952 793353.5
129068 115815 609497.5
270117 302666 687776.0
165742 220784 766735.0
73058 243308 747628.0
95786 304971 753905.5
18786 217709 618444.0
17092 61793 624090.0
12513 96056 622415.0
2985 292759 752816.0
17061 240185 717304.5
51027 210539 800769.5
102071 316664 768208.5
234507 190855 614433.5
161091 71568 684929.0
220284 73780 801537.5
59172 167424 610488.0
2805 93213 717217.0
202193 236495 696560.0
286973 100342 658325.5
198164 14534 609470.5
188850 54981 711544.0
146314 171716 692784.5
29519 59343 647149.0
68852 273032 779864.0
102872 71619 688363.0
87476 6064 617494.0
143747 78828 607454.5
68447 27233 762025.0
159497 109428 636735.5
126810 280792 715614.5
37245 260305 762398.5
251869 166297 642959.0
872 223100 770860.0
295214 102610 628119.0
217532 244996 694968.5
4909 273703 775971.5
176107 59231 764903.5
8075 39849 692100.5
203799 211226 630776.5
192047 234510 604602.5
19736 69302 678556.0
57055 169227 707695.0
71165 166637 692223.0
14688 254810 669024.5
262674 240296 607638.5
211426 64987 729817.0
105184 278476 672349.5
77049 195351 715223.0
14375 87666 735669.0
69650 146096 801336.5
26554 271054 756511.0
207334 44999 758802.5
23514 214888 627563.5
256799 265406 611352.5
53419 203840 725543.0
246365 67509 752513.0
279319 41281 712966.5
34109 201980 791421.0
12579 241067 778079.0
89073 49058 631644.5
101162 288066 677648.0
199995 61736 754494.5
188779 73891 788163.0
35203 259696 702582.5
64633 203357 739105.5
178760 311680 637633.0
160488 242785 726548.0
232152 216695 639804.5
55864 207140 753466.5
155950 182638 788353.0
204340 266686 745619.0
72363 32603 735577.5
164790 97806 642302.0
90794 5674 611321.5
32898 211670 610720.0
221959 194204 619865.5
126748 116798 691740.0
271620 14334 683875.5
6666 94449 606071.0
199776 30152 732412.5
178694 222291 758521.5
49895 221906 782934.5
15694 259521 779709.0
321206 108983 654847.5
213035 76348 743900.0
6129 207578 695404.0
275467 317816 705365.5
215356 208782 740001.5
193844 722 787873.5
25888 74072 766880.5
45557 104325 609687.0
11887 2069 649095.0
172147 151689 682696.5
196035 243176 682518.5
32755 51582 654086.0
144510 41601 777627.0
24668 159992 677287.0
171903 158334 733901.5
96070 54565 675464.5
60995 220196 763789.5
205269 279448 728776.5
279450 71513 686620.5
91003 285738 707452.0
38612 73724 609198.5
111936 125024 610243.5
8406 274988 718973.5
6843 76563 734827.0
32084 164897 714161.0
119167 151052 674157.5
294909 86398 673564.0
273847 54763 729546.5
60116 245390 753616.5
179377 308938 626208.0
268801 69011 630129.0
162569 2509 684020.0
73291 166088 675138.5
272937 305916 711526.0
33775 258917 661445.0
20766 236204 680817.0
54498 25154 615470.0
13049 232375 726349.5
190558 13523 710679.5
287801 98852 800592.5
229299 164752 783411.0
4712 297512 716432.5
94071 36514 780771.5
17623 259170 635144.0
186606 69593 679254.0
98401 304472 767897.0
67361 96645 725286.0
218742 189834 744302.0
53675 91345 681108.5
39163 7718 670156.5
317595 172431 745196.0
279980 19375 778374.5
18965 242648 681912.0
51180 277023 722726.5
193694 166082 606602.5
314463 144409 690541.5
242504 65696 755241.5
223863 251476 766425.5
175149 317543 771990.5
23933 61980 616310.0
51007 268097 713420.0
228853 54841 800495.5
62303 33221 751700.5
193865 5026 693668.5
50771 119372 710759.0
182021 69886 707984.5
52861 275478 623601.0
54747 27467 624996.5
148367 317236 621672.5
271599 296518 622016.0
271153 319476 757236.5
8894 88610 673646.0
22190 241437 681583.5
200088 58698 719605.0
210651 33786 612400.5
278378 149678 761728.5
18526 279729 790006.5
165604 234256 778768.0
190792 1925 776249.0
39501 250434 699754.0
189587 120227 633362.5
292349 280480 791013.5
91719 299800 629178.5
5032 207691 698433.5
7152 226949 747777.0
260399 196038 604272.5
195261 67165 718670.5
43479 18332 609240.5
10116 295713 770906.5
25718 182016 784218.5
169121 44222 659952.5
230028 66514 713860.0
165561 27506 692370.0
235493 20147 647915.0
104620 97804 774349.0
238868 9770 782591.0
207061 218790 616069.5
237737 2240 704788.0
4825 252925 770571.0
159484 159574 644101.5
263707 224742 680342.0
258635 21897 701709.5
211696 21065 631888.0
190183 93437 764441.0
69287 30265 773941.5
167556 221680 786245.5
14283 271073 621340.0
179040 16719 732806.0
51593 164702 624950.0
225604 21781 677016.5
193569 222008 616263.5
33429 97489 734983.5
71693 102333 752081.0
1811 247275 738887.5
86965 2846 629021.0
71560 168611 663517.0
175817 57407 789141.0
134354 111643 686321.0
127282 175626 745495.0
61323 162486 646371.5
22440 166318 628285.5
270939 280272 712672.5
59499 90877 701488.5
26633 263823 742071.0
32456 238525 677919.0
168056 230610 752306.5
260460 5417 736156.0
318861 151745 692385.0
196270 91073 640717.5
242035 67104 740357.0
74780 11104 697510.5
262563 214762 637377.0
75080 163824 728433.0
118302 150984 611978.0
199694 270448 743146.0
12929 95283 762238.5
62923 278383 703869.0
160557 65199 652284.0
279615 40249 681056.0
270237 316727 767417.0
4350 87524 642698.5
50322 199386 617513.0
139087 312534 707721.0
201776 29767 711114.0
155835 314368 788937.0
305545 303211 602262.5
27497 74993 606311.5
195475 33741 627222.5
230692 162823 786717.0
5061 250481 715759.5
64221 279697 613168.0
267402 278306 637236.0
32679 43580 685999.0
273575 9301 787309.5
88129 283478 794080.5
229882 50213 785171.0
263216 252148 665622.0
21098 192819 738334.0
165409 31485 716116.5
200103 46180 658509.0
218253 20494 799739.5
280363 313426 713037.0
220816 6958 745342.5
155190 75092 797459.0
40229 217374 755041.0
14318 1529 606516.0
230802 9790 738270.0
72872 199719 770070.0
178812 54440 746822.0
250400 1894 741907.0
137489 120292 647475.0
190763 265043 603257.5
203541 238627 679072.0
176163 76939 658425.5
32846 4976 682309.5
24869 44266 698042.0
199165 90114 626546.5
273608 41743 673993.5
78790 147646 710948.5
55937 202545 715344.0
36322 98658 655667.0
173274 32295 794776.5
13205 73860 755046.5
204162 265589 766602.0
205544 232490 713060.5
260201 66259 750729.5
36112 247459 604824.0
384 41942 751420.0
277941 143267 746000.0
111660 180278 801083.5
74696 268820 703684.5
227696 21605 663581.5
220319 169293 775965.0
120382 140751 685293.0
49285 20034 651163.0
197165 259650 790114.5
167533 38320 751835.0
49312 36879 684957.0
208249 31556 716702.0
55508 250042 794742.0
102771 161261 801767.5
71642 187174 741554.0
203458 248446 652275.0
301435 43333 792388.0
245964 165499 736649.0
162855 256186 745760.5
162990 59001 607431.0
164287 105728 801747.0
206515 224914 797819.5
308463 32541 766309.0
26316 215034 630813.0
320548 112237 709051.5
18619 229405 686274.0
131237 151021 609964.0
271229 316773 740490.0
64589 89679 676872.0
83881 286662 726043.5
198180 244948 664481.0
199153 51422 627264.5
144191 186275 712710.5
38056 76759 760717.5
22957 63268 691583.0
201822 219526 672450.0
243631 16831 707806.0
51905 35788 653334.0
77840 120037 732530.0
5027 29255 617652.0
31787 54387 648387.0
300459 95177 665232.5
39084 306934 770231.5
280310 50919 618687.5
24162 41027 709762.5
34933 240828 722384.5
27655 217871 770124.0
96849 296299 709041.0
223702 261376 651289.5
101055 275318 630638.5
176674 123903 744625.5
98196 200178 788787.5
296787 42592 685660.0
33713 248378 754665.0
25853 69712 770856.5
230618 201078 644473.5
26488 166773 664892.5
42869 292658 723250.0
39257 100971 761706.0
248183 36126 624380.0
144002 149159 606462.5
180084 183702 603476.0
161641 43860 644185.0
213490 3699 776949.0
221513 209637 651323.0
24455 192288 689458.5
318258 274170 611983.5
278266 103594 697749.5
20626 247812 710599.0
286491 96231 784334.0
285746 89163 765789.5
48021 103551 601821.0
200053 19419 783349.0
38994 225288 664585.5
271589 5972 620736.5
316491 149427 662715.5
182265 21029 800373.5
63926 27519 706869.5
192223 189949 649997.5
35376 210518 642043.5
23666 260426 630565.0
231493 11089 747010.5
241713 216104 619579.0
5501 240905 783529.5
119074 145183 604133.5
192810 15105 770299.0
150838 320790 621919.0
56920 198733 742923.0
19844 214636 687620.0
39889 103531 694510.0
20886 44698 750024.5
76611 38244 606291.5
65410 188077 707961.0
73797 177763 653004.5
24356 169206 648581.0
216291 250419 731788.5
151127 174823 683185.5
70005 183764 699992.5
93497 292332 707953.0
52647 190850 796912.0
42814 13839 607584.5
12874 218662 639967.0
114060 143687 655568.5
46777 33900 631292.0
95148 57189 685805.0
274538 123472 663643.5
93084 15817 645373.0
34914 179372 717547.5
60196 230545 751308.5
242627 209368 629938.5
206145 11554 725926.0
296198 3779 751814.0
175008 18080 719648.5
103414 162225 756159.5
175461 38086 793125.5
41847 35085 696422.5
6855 220589 744743.0
8249 101628 737808.0
16601 253859 655253.5
155134 189504 800764.0
157918 273621 767134.0
17359 208321 771058.5
312345 307159 664664.5
42060 51270 697887.5
1179 61640 717447.0
204883 32281 681396.0
19517 220576 609927.5
44030 35911 700965.5
240728 202981 662412.5
87552 16924 751487.5
161327 49712 652672.0
301529 268722 788829.0
128863 77444 679114.0
95595 102216 747440.0
55829 603 698888.0
157493 277366 669090.5
205690 250356 648679.5
242188 98539 754197.0
107457 122636 614932.0
