72038 278430 1206527.5
36789 266955 1215105.0
54304 145494 1336517.5
170652 204634 1366434.0
184677 212917 1507047.0
234224 275435 1456115.0
138230 271932 1342084.0
300936 63064 1377375.5
310882 199157 1562389.0
163319 175719 1378182.5
169173 135232 1561504.5
83962 131921 1547073.5
316946 283951 1438404.0
293443 21352 1411562.5
53423 215978 1302992.0
44201 259875 1346846.5
311032 68899 1267971.0
315107 168180 1329079.0
242721 179118 1237209.0
32400 93927 1238808.5
183648 231471 1513912.5
211672 312023 1304619.5
130252 100782 1383957.5
51647 212963 1242653.0
302919 261546 1581444.5
80879 287838 1229296.0
279320 288598 1213030.0
94930 133029 1488956.0
185529 257080 1413209.5
289424 71533 1274362.5
179823 210708 1490865.5
273063 241222 1525941.5
36050 147639 1421937.5
13159 122652 1491473.0
36566 294097 1506189.5
181077 87956 1536433.5
26524 297408 1316842.5
275141 213128 1424052.0
217732 43489 1229851.0
257999 96981 1289272.0
100240 7455 1243566.5
127661 100647 1322716.0
218350 168945 1332193.0
167770 240410 1239213.0
150473 4744 1597128.5
294900 163259 1253201.5
14680 176796 1301361.0
188668 275003 1396501.5
87335 32612 1329616.0
36588 309696 1253973.5
283765 317327 1514877.0
291535 28452 1470807.5
66103 114633 1596280.0
182014 155556 1351466.5
266861 92913 1287542.5
44622 228717 1265986.5
94613 127588 1490242.5
68879 202281 1270869.5
271919 113556 1512225.5
274966 38304 1287294.0
83623 317040 1313722.0
107764 268346 1440753.5
155776 89759 1585510.0
284150 35543 1532624.5
279528 176337 1431964.0
318657 282789 1413900.0
144895 76600 1245066.0
280216 177679 1288529.5
137497 42004 1384552.5
151433 101975 1369275.0
157088 308040 1393282.0
86002 10609 1263743.0
43878 208325 1315784.0
174874 277148 1327000.0
54110 121076 1334618.5
215680 297663 1572230.5
52638 123137 1376256.0
123785 41096 1243087.5
158023 79959 1595781.5
153440 291199 1470293.0
231265 174154 1434181.5
281462 26772 1500139.5
12052 189438 1367240.5
186290 194052 1455655.0
242998 102100 1483965.0
60666 213854 1239322.5
319575 89606 1382386.0
63536 117247 1551189.5
14183 313856 1551328.5
199112 310529 1586125.5
275934 250556 1478811.5
161432 286608 1223273.0
119395 226300 1430794.0
120689 287026 1561054.5
299011 197267 1349779.0
6027 216345 1328259.0
171556 130754 1229988.5
17325 151413 1511119.0
120255 245285 1583159.0
217971 261055 1295931.5
287382 133987 1562559.5
96105 255075 1234551.0
261698 209430 1261966.0
142739 17485 1564360.5
91874 179832 1492544.5
60420 233051 1227997.5
145724 85042 1533006.5
74736 111812 1536349.5
227287 97298 1312947.5
314433 178396 1395247.0
45749 145553 1429395.5
104861 199191 1212344.0
63115 194699 1300987.0
225682 93702 1363927.5
170354 96876 1487871.0
313919 76611 1433346.5
204992 297568 1288405.5
134647 29185 1575012.5
25860 320359 1463832.5
209004 298256 1430354.0
215832 11123 1344441.5
307686 222924 1353801.5
305788 1125 1412662.5
198722 293552 1236600.0
247186 56951 1270754.5
293783 35985 1470789.5
249250 183367 1558805.0
132550 60413 1360271.5
275562 282679 1285353.0
73260 258689 1203422.0
98473 225270 1437847.0
100804 4982 1223092.5
189870 41054 1516734.5
26499 313679 1470829.5
75991 122624 1467267.0
314756 295221 1477071.5
73219 248979 1239385.5
120998 229588 1578395.5
231488 277263 1586125.5
151477 60389 1436322.0
307225 259199 1349321.5
62589 134855 1268427.5
17287 145259 1500333.0
307635 118225 1560546.5
73661 190861 1350269.0
2857 281736 1286096.5
108274 274569 1252983.0
303508 21699 1330436.0
119673 12261 1304170.5
186869 10502 1297199.5
28318 276283 1303463.5
153941 270249 1351187.0
74883 264410 1402693.5
180378 213423 1404126.0
288769 30066 1495468.0
123337 299377 1377151.5
62167 263224 1449258.0
102477 40714 1313540.0
194725 307423 1459231.5
41379 242035 1347696.0
170060 166479 1462813.5
225981 75862 1297306.0
143127 6525 1559204.0
176169 169686 1403302.0
277207 5723 1269084.0
113054 63207 1442650.5
61415 204702 1216844.5
98008 39376 1224763.5
189787 279883 1477919.0
298166 9653 1322594.0
217564 179164 1356984.5
295655 5226 1298673.0
9334 123277 1461180.0
165679 290947 1251162.5
12019 206538 1204968.0
91093 225404 1282243.0
40904 316067 1359942.0
278501 196512 1342157.5
146972 28061 1603554.5
80059 147319 1511672.0
290223 65090 1324495.0
182839 223202 1499669.0
10640 186026 1467048.0
102078 135326 1324848.0
45026 244495 1294747.0
317291 12138 1443639.5
239616 53337 1231145.5
51388 151820 1369744.0
175752 102258 1435837.0
143427 15896 1554195.5
176435 47662 1370564.0
145197 291549 1503441.0
141511 65598 1489645.5
178791 117177 1458476.5
121158 24796 1537666.5
299033 120019 1550539.0
211910 318361 1525294.0
25957 301975 1514266.0
216894 2164 1269905.5
244346 57740 1230002.5
192670 286356 1526449.5
230757 120277 1557608.5
49650 319596 1283208.0
312242 271219 1471935.5
130796 63421 1349200.5
97635 226534 1355249.0
497 181658 1363219.0
42832 187154 1329646.0
234452 160171 1221691.5
94280 234348 1303252.0
274143 72112 1243794.0
135470 268957 1297746.0
279027 218460 1284984.5
308921 31795 1299171.0
287911 229130 1588269.0
101370 143571 1383361.5
86955 184051 1599431.5
44298 230358 1206025.5
50633 114435 1584940.5
58235 292076 1249215.0
184049 161235 1500314.0
297155 235442 1482515.0
279650 195102 1223581.0
318861 27287 1440870.0
101805 162827 1211341.5
128219 102168 1390117.0
141428 119661 1274918.5
161104 159412 1592829.0
319868 15601 1394700.0
171347 149461 1240023.5
303608 232801 1480399.0
278005 202785 1399616.5
224687 180101 1442039.5
161908 218174 1406395.0
290706 164049 1237446.0
199439 309326 1583581.0
9869 185864 1349750.0
187574 78218 1293180.5
315350 283454 1501886.5
43419 284947 1319654.5
309131 15913 1364878.0
314748 22028 1565080.5
178134 99018 1287919.5
127374 308591 1319301.0
96175 222248 1327846.5
306957 96240 1575169.0
180045 295864 1585265.5
26529 296886 1318994.5
93940 115922 1599783.0
189110 117161 1397208.5
147715 254748 1601553.5
176944 10508 1311483.5
164216 235998 1215146.0
181567 49338 1369469.5
156804 309320 1431968.5
179877 106107 1392089.0
195869 285834 1364515.5
183943 242641 1506740.0
235362 302675 1593864.5
299392 107770 1521487.5
251157 173462 1451114.0
256771 279888 1366308.5
40862 145230 1224146.0
178290 107003 1378181.0
171864 223015 1366729.5
196265 132856 1597890.5
152585 94420 1577786.0
170655 137919 1395555.5
319173 90267 1389518.5
292801 36288 1365994.0
164790 177450 1415275.5
295517 250837 1505616.5
88369 180612 1571088.0
62750 211896 1250423.5
72358 136719 1412414.5
202807 312356 1591738.5
129443 33846 1505102.5
89001 67195 1238961.0
124305 199091 1569836.5
149311 84379 1553912.0
317185 48661 1321024.0
321096 15275 1491695.5
318771 90808 1355160.0
267281 114587 1300235.5
83525 73977 1423611.5
135091 299466 1397882.0
290675 159438 1504571.0
98585 183224 1504096.5
248930 270358 1358482.0
193765 52037 1229121.5
52648 285885 1333633.0
80884 304305 1272229.5
199760 83924 1592027.0
171030 209489 1496783.5
310755 237046 1448329.5
289821 318788 1231625.5
250613 174882 1439824.0
214304 180233 1267977.5
114300 44388 1583628.5
229196 177049 1493949.0
21544 287649 1317689.0
232439 47542 1235901.5
153315 269581 1306556.0
301126 60635 1326310.0
148541 63390 1423121.5
316794 93003 1343165.5
300282 25781 1432767.0
119190 281233 1505195.5
314502 19382 1442434.0
87170 258577 1439786.0
180494 112118 1249831.5
285217 314218 1485194.5
171726 201665 1498161.5
127217 164278 1528406.0
20143 292917 1366850.0
285269 47212 1280926.0
148303 21119 1413646.0
96209 217073 1514770.0
183535 202854 1590723.5
303160 248321 1525917.5
171053 22083 1303576.0
175223 196911 1523108.0
45770 146488 1429795.5
312166 150480 1567810.0
97050 153625 1586315.0
31746 151374 1530265.0
59901 231523 1225166.0
222010 280798 1564106.0
249285 174731 1567135.5
39860 315799 1479234.0
172845 99482 1281944.5
176080 157957 1208032.5
47308 83062 1450026.0
292007 247170 1535893.5
45896 81488 1478634.0
123355 105149 1205636.0
185847 24373 1294604.0
18292 138618 1590286.0
156611 189336 1336771.0
175540 15535 1317119.0
226215 104166 1433368.0
90253 277130 1365089.5
229203 52166 1256008.5
274044 185953 1575660.5
249478 91451 1370005.0
4419 83281 1488214.5
239052 42730 1340147.0
141114 102362 1389875.0
8125 125942 1453181.5
92893 267952 1309725.5
243337 308275 1352610.5
186332 77749 1263168.5
117657 304810 1549121.0
70516 167897 1227790.0
43486 146051 1347557.0
268188 219939 1302755.5
276750 36087 1323170.5
13913 294129 1312448.0
10429 142233 1573674.0
46888 77564 1594514.0
48675 152025 1432556.0
282328 276742 1287989.0
103381 113241 1454572.0
89592 31309 1227832.0
36031 183397 1451430.0
239090 184921 1430725.5
142682 74238 1285270.0
285575 260192 1563082.5
173067 256813 1426464.0
81694 196275 1597844.0
269933 264692 1463637.5
91839 141746 1592205.5
18746 144389 1481555.5
299458 17289 1269768.5
60316 122606 1351924.0
189163 237049 1268281.5
272588 80798 1427072.0
69271 288943 1394757.0
298670 316945 1317489.0
10733 83701 1531537.0
139019 102849 1348194.5
197524 305580 1470282.5
220807 301775 1595420.0
206164 288567 1471078.5
72196 155324 1562388.5
266891 163922 1291618.5
86046 135354 1547954.0
210747 154734 1559770.5
178087 140201 1267921.0
159909 283370 1581703.0
106865 154929 1333216.5
294008 255796 1573843.5
1194 307536 1297610.5
287965 68747 1346212.5
183544 53473 1260720.5
305372 70579 1454826.0
314517 75312 1239981.0
148669 68549 1378438.5
117899 171709 1205460.0
229214 56817 1256714.5
296071 68375 1283990.0
86015 59820 1285856.0
52341 244663 1253390.0
202211 181638 1472620.0
118456 172468 1303353.5
184542 221472 1437559.0
157654 218801 1540638.0
272679 85701 1256523.0
78484 310493 1521606.5
275221 83673 1330392.0
220282 299043 1470919.0
229067 180325 1473477.0
242952 188262 1254310.5
132204 295045 1512635.5
284714 5544 1382285.5
238395 46794 1272173.5
52989 258276 1228240.5
126709 44745 1414592.0
271985 200760 1250345.5
97982 143167 1593687.0
178561 191973 1425530.0
51165 290391 1295676.0
317476 178862 1358223.0
316634 165636 1433178.5
24868 178296 1297230.0
217057 217 1240321.5
307822 202362 1594687.0
39873 144226 1458644.0
86807 53285 1225858.0
233674 94922 1476738.5
132859 87666 1531310.0
279209 180832 1422374.5
127136 49203 1405459.0
78442 314261 1305056.0
111731 57781 1594657.0
25601 144932 1511968.0
177083 214687 1404559.0
70729 296951 1272860.5
314517 89298 1437181.5
320771 23450 1440471.5
148816 46968 1518542.5
249514 42241 1314541.5
69214 136029 1279098.0
181591 165870 1434925.0
118281 59783 1542288.5
82404 280338 1354659.5
288175 2582 1540579.5
73533 302153 1405706.0
291691 273386 1247496.0
283738 60751 1419438.5
3076 277498 1228143.5
196423 154568 1576827.0
95246 216377 1503083.0
199635 319981 1535698.0
292489 26438 1380741.5
302543 145701 1503883.5
30901 86566 1330661.0
152000 51978 1377566.5
107017 179067 1557665.5
53082 158675 1413388.0
245187 276412 1508299.0
124747 8798 1456035.0
307171 124153 1510932.5
83579 132939 1560773.0
236984 270668 1322949.0
16067 155082 1555240.0
149313 51486 1465975.5
103296 80236 1347587.5
89925 153337 1536319.0
209564 58878 1290214.5
120825 101094 1405434.5
48060 239972 1301680.0
37510 171553 1368230.5
104763 133221 1276368.0
121875 175887 1208584.5
180034 88676 1545147.0
161497 281353 1246421.0
52945 293852 1258725.5
125694 60487 1437417.0
105008 174554 1364370.5
263996 10486 1308955.5
156247 64954 1513064.5
126172 167460 1509564.5
284587 73340 1590665.0
310091 270010 1459500.0
216987 195141 1370035.5
270877 122372 1315090.0
110235 42924 1551621.0
145103 26516 1558249.0
141371 178785 1394968.5
69589 266514 1377992.0
219735 74224 1214353.5
268697 313843 1310467.5
104275 233763 1463870.5
205148 274770 1348580.0
33014 95831 1238875.5
314427 7149 1357366.5
206918 187505 1541704.5
122048 69523 1250647.0
272634 36654 1235814.0
92157 220133 1285237.0
296696 190612 1300881.5
225454 101375 1494128.0
276371 260553 1451123.0
192417 100476 1570040.5
294406 59846 1286406.0
128635 163862 1595710.0
210560 74659 1351340.5
318042 164577 1491791.5
277670 294836 1260952.5
299509 134021 1389467.5
210033 159899 1598542.0
215697 309863 1482714.5
287314 30830 1458295.0
154878 35275 1474245.5
56310 293038 1275702.5
123438 56969 1301996.0
99827 129765 1427449.5
145333 305890 1471461.5
4798 154584 1421624.5
35369 177968 1271637.5
245960 43881 1296715.0
166021 290992 1255194.5
64510 265672 1275141.0
183074 279360 1497248.5
151206 88546 1589956.0
289142 72918 1317093.5
196101 265790 1263963.5
221633 45050 1242464.5
157169 246032 1603313.0
72066 282728 1217232.5
147883 310168 1267489.0
42999 112919 1502689.0
270957 239047 1339556.0
50364 235836 1263303.5
31455 288211 1391715.0
91578 119440 1331267.5
69646 91961 1235064.5
50716 319105 1211989.0
143158 49456 1467826.5
141375 45478 1467356.5
172474 128222 1213435.5
49910 140540 1514386.0
320680 221390 1561938.5
278296 78236 1253364.5
309552 254810 1423790.0
212948 98046 1453663.5
17382 85956 1322690.0
300696 125928 1471274.5
176383 76721 1222013.5
214505 46454 1252034.0
309210 130963 1415621.0
93140 124013 1490242.5
191053 100055 1529663.5
25082 147907 1543684.5
48123 234647 1237551.0
233899 69779 1264634.5
129163 181130 1224270.0
263660 62724 1282314.5
52016 263582 1417564.0
60854 257354 1239367.0
262982 309426 1552659.0
165942 121824 1529177.0
46307 290315 1228147.0
187657 227937 1556862.5
147698 60438 1281293.5
139814 48269 1442501.0
297172 155345 1526985.5
95702 237950 1313278.5
38129 82067 1593836.0
177841 105311 1455117.5
284234 38441 1537644.0
90720 228825 1355267.0
5340 130472 1502397.0
256827 280883 1394724.5
11905 210201 1322851.0
38478 262422 1310810.5
214018 279648 1428314.0
289655 70121 1418207.5
197404 32925 1299810.5
147317 68653 1232092.5
184250 242518 1506601.0
37316 308250 1345525.5
170249 268581 1326813.0
63504 288987 1353995.0
119785 269733 1313858.0
277216 194226 1595557.0
60011 246618 1243817.0
153184 64751 1557261.5
310719 53118 1381610.5
148199 272043 1366036.0
191198 280241 1444875.5
148143 164015 1594103.5
62188 298196 1263900.0
182548 239271 1347576.5
58348 190919 1224421.0
279417 78079 1286552.0
91119 217062 1566562.0
26457 312286 1332914.0
18478 292248 1343896.5
167007 284207 1359684.5
284552 123850 1588930.0
303562 206113 1434519.0
204722 281015 1234574.5
177794 129178 1212106.0
201771 283401 1553308.5
185137 301714 1547608.0
169974 282255 1517481.0
299071 118627 1507270.5
130097 311619 1314077.0
2953 146715 1458072.5
288339 199453 1333691.5
285827 159851 1534610.0
191352 60085 1232610.0
45620 211412 1220055.0
314081 77690 1246852.5
253544 104542 1504435.5
261923 87464 1535924.0
178672 258582 1210800.0
70757 266739 1404973.0
187694 257945 1549606.0
176712 316103 1321931.5
19774 155656 1595935.0
72075 181569 1274658.5
160906 289678 1244559.5
279298 201798 1214067.5
106040 295623 1558257.5
318617 98501 1401353.5
201176 174305 1553434.5
103713 149392 1393900.5
294445 64965 1303273.5
92514 250334 1233733.0
73121 237282 1325870.0
289617 278040 1300612.0
298614 200825 1455231.5
133982 76835 1246034.0
307599 239192 1384965.5
271878 133085 1291830.5
304963 36079 1451698.0
33311 277686 1472379.0
187888 209615 1598377.0
184100 64865 1269903.5
16376 103053 1220905.0
240980 165945 1244266.5
185615 77903 1382536.5
241681 86171 1416170.0
202039 293460 1435458.5
297332 126078 1424930.5
242574 49505 1224506.0
135901 94216 1550350.0
238967 47274 1280825.5
64990 190916 1204608.0
252833 307228 1406567.5
15747 305554 1427433.0
28359 182139 1218377.5
282477 48530 1355023.5
167129 138878 1561644.0
125657 297751 1372524.0
141300 79965 1516923.0
8837 134778 1479532.5
133579 282118 1589742.0
214386 101247 1491831.5
130531 276343 1224818.0
281134 229124 1447377.5
205726 301295 1446297.5
303680 37801 1583347.0
310240 43434 1310159.5
174121 19770 1236503.0
90820 33258 1339761.0
234019 311313 1385751.0
88973 217936 1529132.5
107844 178925 1452356.5
58948 316374 1333320.0
289283 30490 1493267.5
14763 310811 1351245.0
309992 242519 1428222.5
129109 80662 1573418.5
125625 285489 1566229.5
201800 297635 1236936.0
276269 259331 1472774.0
935 203629 1320563.5
248728 1789 1204658.0
12849 159211 1585954.0
24922 285276 1503589.0
137738 48605 1481534.5
78260 181349 1237955.0
211226 88312 1385116.5
239804 58471 1250678.0
195766 54346 1233775.0
188611 7426 1215728.5
17050 299637 1280523.0
87169 151728 1581893.0
317899 56073 1375656.5
96108 107193 1600194.0
42398 108918 1445928.5
242173 188733 1438705.0
121651 169429 1477139.0
60907 290912 1282428.5
163079 273602 1229277.5
297791 143589 1588113.0
216546 58295 1413574.5
243107 291547 1548953.5
48498 129588 1378295.5
49730 81055 1475677.5
305780 172475 1517174.0
48888 189605 1352895.5
188721 244998 1487209.0
298056 112636 1570760.0
298802 196084 1308161.0
95458 317992 1459312.5
146948 304166 1549581.0
225946 99289 1316663.5
58106 126622 1311755.5
126559 11133 1464125.0
281340 35587 1480985.5
83876 61633 1446640.0
183366 66647 1351875.0
184236 278381 1327385.0
129062 168565 1558355.0
50996 181003 1252477.0
132034 43267 1393487.5
185819 261153 1552126.0
75553 107273 1464822.0
290526 18386 1392761.5
267937 88499 1403545.0
261203 184943 1399407.0
275205 170007 1390688.0
314483 98779 1417598.0
163935 157536 1513102.0
299231 1180 1422170.0
169138 267846 1365226.0
260056 276707 1567160.0
61215 189764 1396784.5
233906 91540 1329888.0
82960 299284 1253058.0
43476 229845 1247106.5
180337 232793 1529916.5
216212 269444 1480080.5
174125 202470 1574153.5
244660 289879 1567793.0
157735 7254 1451279.5
131938 299494 1420932.5
289424 11699 1325199.5
228923 186470 1334087.0
133812 66079 1433875.0
171727 13073 1285068.5
140234 280890 1408424.0
286154 163184 1272606.5
130348 178166 1259473.0
299997 69741 1244407.5
175187 19713 1227862.0
6683 278788 1213918.0
178151 138335 1341915.5
2255 91743 1278697.0
164386 285078 1339308.0
287734 194567 1463628.5
68232 308196 1308134.5
122996 74560 1440723.5
4371 294846 1233052.5
294957 202567 1331571.0
125288 56408 1385621.5
188784 225517 1255525.0
154083 300404 1469419.0
300412 18216 1324924.5
74382 144518 1303111.0
156953 57171 1437950.5
191331 73802 1304732.0
191651 187304 1556987.5
79400 100199 1536421.0
208049 74171 1442597.0
177622 11569 1348686.0
163288 135100 1535006.5
12661 122212 1560639.0
182636 203474 1459176.5
165723 38962 1235169.5
312529 268720 1355037.5
305008 219519 1571699.0
150372 100457 1522120.5
61762 314967 1407319.5
96637 311124 1574393.5
110899 273319 1353929.0
87356 123310 1529755.5
59810 256828 1225818.5
221536 94451 1294955.0
187954 30135 1309900.5
300788 9951 1365276.5
63336 124304 1246234.5
233618 104682 1432137.5
72961 303264 1539303.5
164399 126136 1514763.5
223519 294716 1584447.0
288064 27785 1425371.5
248907 312362 1460846.0
295265 200144 1286160.0
95366 147093 1504223.0
98072 63479 1266275.0
237227 61958 1242987.5
81569 314313 1233970.5
58044 142066 1454080.0
303345 255072 1439654.0
174153 2523 1222808.0
76019 151306 1532033.5
222936 189491 1335669.5
185731 219878 1324751.0
138790 83737 1566706.5
171329 235190 1451931.0
63865 125463 1313631.0
28950 277782 1447226.5
155591 187910 1247517.0
67755 204918 1228601.5
96191 81910 1543621.0
260097 188682 1402118.5
303010 21501 1237014.0
184574 211057 1430727.5
81735 320345 1317845.5
110610 276102 1420232.5
162891 124166 1493794.0
175685 250715 1427618.0
171725 228442 1376278.5
268850 284260 1268884.0
241030 178459 1404300.0
56242 289685 1400523.0
192155 269691 1252066.0
212781 88186 1409936.5
276356 227815 1443621.5
311044 57754 1368558.0
310411 209971 1603432.5
175449 74867 1255028.0
59127 307879 1305463.0
198230 121090 1588452.0
199891 320914 1574464.0
114408 171565 1304781.0
85559 144732 1561038.0
68023 202352 1221999.5
20286 304544 1529402.5
89463 176783 1483486.0
199275 103679 1205586.0
236550 166972 1234877.5
167948 189632 1371537.0
199315 154058 1524366.0
182835 129876 1259125.5
134619 104736 1312496.5
103122 312854 1425573.5
125371 301853 1471909.5
148050 35208 1363863.0
146567 297140 1487263.0
136207 36046 1507317.5
6820 318481 1526283.5
184815 109725 1348082.5
148449 72136 1408383.5
5852 283945 1409470.5
249378 189353 1247869.0
267927 69057 1287428.5
71850 319190 1340004.0
31674 133376 1562353.5
67536 290234 1392000.5
257598 53799 1231881.0
97416 176750 1516149.0
289238 48779 1220778.5
184996 257270 1476870.5
320858 61993 1411341.0
69259 247427 1339445.5
241021 172776 1467086.5
279852 26974 1226487.5
313757 12353 1451207.5
258858 50168 1207659.0
227951 52962 1214722.5
233420 98371 1306567.0
169545 307126 1554413.5
172681 118223 1294234.5
152586 292996 1560314.5
155987 309444 1308948.5
101893 9866 1353501.5
144767 88060 1543464.5
191158 182073 1389681.5
114215 182914 1489928.0
12585 317454 1477694.0
105555 71281 1294494.5
182829 102252 1490803.5
163685 100773 1309841.5
122880 12349 1505049.0
239873 45857 1269788.0
227413 76165 1219533.5
206322 170369 1587779.5
271505 113183 1424998.0
32517 95552 1229567.5
318633 36275 1473515.5
276208 192022 1400066.0
117299 175225 1315049.0
122026 164137 1545855.5
229145 176526 1418946.5
231027 101047 1555444.5
306852 138942 1509352.0
210391 94469 1451924.0
52657 144187 1336484.5
48144 312954 1480295.5
78209 60880 1591838.5
154094 168029 1550026.0
164617 119469 1293453.0
97990 30721 1233918.5
196378 171827 1494362.5
179229 136667 1325383.5
272515 23672 1204011.0
138860 68383 1558118.5
29520 277534 1429719.0
104900 26757 1266680.0
311076 136389 1333896.0
286189 125473 1493846.5
223041 279796 1516706.5
129673 90403 1572611.5
295028 71993 1208812.5
45508 120452 1393352.5
13822 140297 1588201.0
160112 305055 1236156.0
268894 155021 1295691.5
224296 172458 1455347.0
317037 38104 1477890.0
287514 315466 1499816.0
310298 147910 1273946.5
46178 310412 1503225.5
171850 315376 1361711.0
174282 79546 1306973.5
29146 151403 1597802.0
211412 299912 1477003.0
257138 182575 1379002.0
91273 187536 1595624.5
96045 33337 1266220.5
271940 254717 1330126.5
189842 8191 1272666.5
175689 168255 1388968.5
134995 707 1410315.5
289416 136785 1565785.5
279843 80673 1428241.0
30661 276981 1317715.5
144010 304259 1378290.5
146320 255327 1585269.5
22977 135320 1579247.0
69848 243777 1261114.0
216904 186710 1510620.0
195732 83930 1534342.5
35282 104593 1362264.0
63308 223979 1479287.5
152299 102634 1390168.5
296732 239956 1525737.5
277828 113774 1235501.0
68550 88427 1249014.5
93028 230958 1307273.0
231326 87597 1419127.0
47204 124883 1390051.0
41818 213002 1250508.5
98459 59412 1233122.0
285824 253204 1577200.5
307071 43094 1474267.5
172370 26384 1338901.0
105990 309475 1483426.5
76140 247222 1289863.0
170523 201853 1582230.0
135860 9914 1524347.5
303453 249125 1574141.0
77064 122185 1449830.0
116454 279730 1408345.0
12741 126191 1510523.5
178858 313509 1475344.0
128626 1737 1540764.5
269005 169911 1282184.0
246987 89943 1298322.5
303133 65176 1447184.5
120181 70519 1248589.0
173385 23064 1318369.0
101831 119096 1413906.0
218228 21247 1265219.0
258949 309285 1419541.0
278029 245006 1507187.0
137208 91335 1580910.0
288819 140705 1591797.0
45158 186723 1345111.0
276990 232027 1479002.5
25112 288078 1391690.0
184587 33582 1281242.5
65962 319262 1314451.5
270069 317401 1255661.5
124950 73946 1442765.0
140913 290998 1580432.0
65187 296013 1204627.0
56278 309617 1372966.5
27110 300488 1334094.5
317321 293617 1430149.0
303730 28576 1489379.5
221178 186428 1391827.0
177146 40245 1315208.5
58507 126295 1331110.0
72120 243718 1345069.5
66084 283858 1497424.5
152490 63 1424694.5
279204 306270 1492171.0
45249 298028 1250089.5
250379 94815 1293244.5
293884 108305 1588805.5
292699 195683 1220702.5
57008 188581 1226187.0
