290118 182430 2434604.0
168280 82024 2450400.5
110867 239893 2799119.0
232724 116915 2732617.0
128517 254505 2588124.0
17328 82396 2442511.0
264816 312393 2859492.0
99583 105895 2544713.5
118976 244692 2671370.5
232612 136382 2509006.0
28391 157366 2499524.5
126666 223833 2410107.5
318233 237059 2501855.0
157454 216493 2704758.0
117097 86487 2612510.5
148439 90544 2408965.5
204323 130633 2549580.0
32452 77512 2481544.5
126888 244494 2506213.0
120913 225261 2424246.5
206837 81624 2576180.5
241787 127788 2605277.0
107232 240766 2756007.0
107129 304719 2409176.0
141512 34838 2435969.5
195026 114278 2627753.0
307810 305026 2574677.0
109546 82609 2454604.0
142490 263992 2692752.5
253596 119822 2407593.5
25176 150031 2543768.0
230448 114346 2731954.0
220345 124847 2435800.5
116971 200912 2663846.0
20819 284264 2408225.0
150069 252828 2669770.5
213 80681 2571425.0
210497 312390 2684023.0
135928 232242 2527825.0
115765 231809 2673224.5
132139 226860 2549037.0
80820 254893 2733557.5
248961 78248 2684063.5
13771 142099 2467667.5
113604 209679 2806800.0
304463 112338 2420820.0
113152 209877 2783044.5
154286 203155 2463169.5
233913 148291 2448323.5
82279 250679 2626276.0
312994 251452 2761071.0
115616 226078 2703484.5
223295 144879 2604658.0
251743 124471 2471659.0
152227 96241 2421696.5
320557 266070 2629872.5
241417 138059 2623837.5
151080 212136 2582976.0
104523 263922 2544688.5
265172 156864 2788682.5
306370 105792 2478965.0
241204 134129 2525639.0
127091 238882 2530702.5
193329 110435 2652912.0
110248 239416 2800047.5
84061 263967 2722882.0
138735 305727 2422867.0
283477 27252 2458639.0
261815 305894 2517008.0
277099 216113 2517499.0
153010 192454 2665747.5
112336 223383 2942540.5
262641 155280 2619150.0
288041 118985 2532907.5
26591 112756 2544559.5
150481 217707 2585944.5
237006 109228 2653107.5
317366 262928 2613365.0
106967 253689 2772730.0
126389 217013 2661291.5
212505 282871 2630655.0
130623 201830 2520144.5
81353 106986 2442681.5
281379 142250 2496849.5
242092 116290 2722045.0
216256 139801 2746567.0
260891 284520 2504753.5
122465 23236 2409250.0
143777 283156 2502826.5
255735 156076 2414846.0
249828 154434 2495653.5
115078 211839 2617370.0
147811 306124 2491758.5
144368 200470 2427149.0
144334 242254 2457674.5
257202 284005 2496673.0
218382 140064 2801273.0
110156 98702 2620832.5
186066 296015 2460866.5
285935 171182 2525811.0
149427 203695 2584771.5
40747 23349 2473546.0
35754 119862 2439401.5
138272 265126 2771001.5
263422 107082 2893731.0
146287 202364 2444433.0
1312 141314 2485309.0
83581 227345 2597771.0
199962 127001 2410683.0
109104 93068 2409834.0
1552 130775 2475973.0
256700 108902 2691981.5
118779 232513 2778784.5
71731 110905 2527931.5
82179 37337 2551854.5
192457 82211 2619140.0
129988 247998 2574042.5
25767 107747 2525088.0
85735 131714 2421053.0
113240 307187 2447913.5
285353 215619 2674176.0
215963 136787 2589140.0
117114 190633 2737690.0
156519 227187 2626228.0
181328 286683 2552386.5
316403 192307 2468835.0
248908 297781 2499583.5
251512 145375 2470468.0
238752 277596 2407619.0
247231 119596 2518310.0
304166 214513 2473320.5
98891 242765 2671520.5
100298 259834 2489949.0
232273 116704 2775226.5
294445 309553 2595024.5
263021 78909 2793984.0
89154 156809 2494442.5
300458 224005 2581934.0
79369 217761 2832144.0
228397 114526 2756356.0
222177 84996 2659964.5
113259 215242 2718480.5
186283 98201 2489632.5
115589 238512 2715975.0
111792 244464 2738905.0
24864 138993 2453702.0
118488 52522 2415299.5
116081 200504 2539324.5
149654 281545 2511893.5
243126 285259 2473970.0
144543 243531 2470591.0
85194 115203 2440725.0
196837 150537 2556152.0
132082 85731 2467371.0
204025 80469 2576321.0
50579 110355 2437877.5
82031 255913 2692684.0
225422 316187 2512928.5
152359 190518 2636449.0
160896 118045 2509009.0
139902 263329 2772397.0
229941 82005 2736019.0
257548 144356 2475134.0
82527 218262 2879810.5
267456 265453 2443260.5
225866 155206 2591421.0
208851 147328 2541692.0
193288 152440 2509721.0
106145 247906 2685754.5
246825 315648 2491545.5
240844 122349 2603313.5
226600 285536 2443731.0
289426 231378 2460793.0
134163 264127 2610287.0
32452 85370 2534283.5
317442 251219 2486989.5
193660 82422 2593927.5
216850 87459 2442297.5
139223 165988 2422699.5
210714 110377 2764282.5
245767 145962 2482373.5
151816 165827 2479505.0
263395 276867 2428891.5
257485 112796 2683231.5
106610 164799 2462958.5
305598 173248 2571599.0
155092 90875 2437641.5
225604 157682 2449507.0
261219 128902 2712222.0
217086 120074 2578840.0
124325 213825 2457255.0
246336 139561 2583676.5
313129 27001 2584538.0
300095 306971 2439648.0
131600 253965 2534397.5
244607 146465 2463241.0
18749 109795 2636200.0
157773 198621 2415198.5
156173 195566 2427436.0
110097 218501 2731852.0
310293 320882 2450285.0
283958 213570 2571012.0
78521 165905 2579820.5
122099 283953 2417727.0
123929 250675 2496322.5
55229 117820 2502110.0
284512 308852 2678114.0
125481 19707 2409594.0
153422 238031 2471456.0
264480 129361 2679386.0
25079 109023 2524831.5
250013 314427 2522608.0
115707 206965 2594675.5
110492 249969 2805832.5
81373 261845 2882099.5
10029 113059 2447199.5
26583 99735 2421623.5
285001 264553 2628278.5
19931 111140 2596838.0
100338 78119 2429748.0
284132 222375 2449786.0
146388 207674 2526133.5
205507 144914 2529217.5
304776 210974 2407672.5
77481 73126 2410639.0
283293 310728 2819061.0
133670 196928 2447059.0
130553 215121 2611070.0
140148 161021 2437483.0
246760 125585 2536303.0
115351 257275 2665401.0
247669 111119 2841190.5
192264 138269 2612225.0
147741 287024 2411591.5
130325 247978 2605764.0
251766 112083 2681967.0
114666 35291 2504686.5
191823 140839 2616445.5
230119 124612 2444465.0
156325 1872 2422912.0
109694 105118 2408356.5
35643 80289 2584189.5
82036 203032 2603899.0
129933 220900 2492327.0
25654 116877 2682101.0
115163 289884 2415455.5
264995 289569 2607582.0
142385 201598 2490176.0
157389 216371 2743648.5
225739 135247 2437950.0
222044 110062 2715862.5
249831 140707 2664870.0
228969 298155 2477835.0
101164 309432 2427232.0
320264 191448 2474226.5
306114 241730 2547924.0
121077 222790 2416256.0
9758 79650 2451114.5
263544 285148 2708645.0
315250 261602 2673791.5
146301 202249 2440515.5
141195 262270 2851735.0
199834 119263 2596195.0
2512 156428 2419104.5
243831 313769 2614628.0
319972 264903 2678420.5
12031 133267 2438418.0
310509 300831 2677450.0
238443 155797 2611779.0
137220 284826 2438844.5
262764 109171 2838081.0
131902 212385 2525741.5
91044 152121 2421920.0
216882 287191 2615558.5
205786 109393 2644043.0
116650 291904 2607021.0
156792 246637 2669214.0
214877 316951 2518723.5
261820 183285 2504612.5
219655 142857 2476368.0
219272 156977 2507187.0
112406 164398 2488143.0
246614 151172 2456489.0
85154 310827 2809066.0
217982 297904 2626375.0
128482 254577 2609990.0
305933 217963 2506097.0
247249 294644 2410750.5
139213 213583 2567358.0
74462 80816 2482778.0
156939 243896 2596025.5
159145 240613 2461904.0
71419 117421 2520893.0
68310 312390 2440752.0
130840 18465 2478043.0
194594 284061 2439129.0
124878 244674 2510998.5
215668 312830 2792378.0
153595 257578 2677755.0
117295 90624 2613822.0
255878 129980 2475161.5
286260 112030 2488333.5
158365 29441 2467890.0
80422 244751 2727926.0
294855 185303 2446621.5
155041 165617 2457595.0
255739 116101 2599691.0
74092 84620 2446038.0
231389 140958 2616903.5
172419 84717 2664206.5
259833 154218 2441860.5
301798 260964 2452965.5
287073 170929 2459400.5
303220 77484 2677732.5
235445 108715 2627291.0
265600 180481 2477898.5
207172 145270 2530282.0
156586 201294 2568780.0
191666 125679 2518712.5
155803 25100 2490385.5
91121 115233 2463893.0
302232 140629 2409623.5
152042 208930 2497551.5
286053 311052 2684224.5
214557 82768 2861658.5
239780 288745 2458682.0
112667 306990 2420517.5
284399 215599 2640126.0
221395 319715 2546173.0
53835 82011 2509381.0
197978 77584 2720509.5
78390 89023 2669661.0
15494 156679 2444775.5
249780 316830 2492607.0
189893 183946 2562022.5
254850 133755 2469518.5
136586 282615 2411358.5
36054 80079 2488788.5
152343 253513 2466363.5
262628 80267 2796903.0
288760 309960 2624062.5
128894 283365 2447744.5
148512 194606 2671812.5
105971 247676 2685428.5
215558 121603 2627465.0
231990 146807 2459645.0
260287 107400 2778588.5
150720 235559 2554146.0
75922 81459 2416507.0
115807 200262 2591997.0
265337 302444 2640742.5
212905 100415 2446679.5
140811 257201 2574180.5
214261 305337 2521438.0
102559 264443 2428300.5
48051 110236 2412191.0
247782 157978 2630589.5
218106 129401 2637419.5
215922 134535 2486147.0
196358 144752 2497048.5
141794 266277 2720978.0
113296 224211 2677492.5
173009 99951 2455887.0
147040 232572 2427736.5
103922 310646 2415012.5
107651 291958 2507637.0
250180 115628 2717879.5
99003 277271 2667346.0
109668 81884 2500169.5
254966 319747 2442066.5
131289 258843 2583116.5
220668 136866 2527493.5
104962 262869 2683283.5
106877 48836 2411221.0
110647 211748 2727024.5
133469 204815 2518301.0
155405 240313 2629241.5
148326 247244 2490262.5
250910 83426 2572805.0
152281 264681 2785631.5
120683 262233 2546382.0
260408 320812 2466541.5
110813 238984 2813357.5
285219 136572 2414550.5
118219 16848 2505888.0
111210 57347 2457090.0
221607 124883 2448661.5
194499 112089 2699972.0
109853 29072 2659955.0
302997 156535 2473349.0
113407 304048 2464133.5
123410 218315 2633865.5
165778 137845 2448887.0
137897 282944 2521138.5
252111 150907 2487004.5
85056 194019 2571458.5
89088 137280 2418775.0
80236 248418 2842182.0
77857 199500 2582130.0
302898 312735 2425827.5
291244 99440 2774814.5
98763 62120 2443381.5
253624 157043 2626460.5
229422 318208 2472010.5
304334 155534 2480067.0
113278 201888 2615174.5
231929 315818 2511488.0
149809 238890 2651359.0
281713 221416 2409606.5
260289 80831 2723991.5
196008 79189 2593149.5
175854 84860 2567748.5
80866 176119 2687492.0
210388 85750 2506974.5
134400 261607 2630490.0
294214 266494 2565983.5
148195 236295 2508977.0
237251 300297 2432754.0
262702 117026 2799895.0
116619 241456 2655059.0
292733 181499 2672071.5
224563 154813 2519434.0
197899 77899 2607735.0
104933 218294 2608317.0
153132 234394 2543189.5
156698 226479 2601949.5
247925 155535 2635968.5
115019 210752 2748947.0
80730 259444 2724598.0
126761 192872 2529906.0
82290 227317 2745947.5
153816 218985 2519205.0
217051 289507 2628962.5
235614 283874 2555052.0
109275 18204 2441840.5
28044 108946 2517543.0
104618 311269 2422404.5
225965 132364 2549465.0
217708 108760 2582580.5
305824 186034 2431039.5
113714 246870 2716583.5
164799 128142 2420685.5
196525 307218 2444382.0
284298 246976 2442825.5
146582 236160 2503159.0
203711 151879 2430953.0
84657 177671 2726442.0
247310 284100 2547888.5
177406 82667 2618778.5
158383 252488 2613643.0
259547 136505 2562157.5
83549 202311 2451500.0
292208 175345 2411851.5
124275 260570 2480103.0
80726 28605 2590429.5
316608 266098 2628713.0
166501 116147 2522065.0
79053 264168 2781244.0
85124 29089 2478404.5
287551 112877 2506026.5
226514 100042 2422243.5
124778 232359 2496507.0
111578 30724 2476507.5
136290 245077 2515649.5
148234 248339 2503549.5
127741 234875 2517780.0
128586 223710 2571906.0
187710 215282 2428287.5
304103 241613 2504198.5
251344 81105 2661131.0
77614 229297 2760020.0
284924 263404 2653062.0
284814 154210 2427787.5
218015 156790 2779962.0
239312 139316 2618732.0
81459 230304 2669329.5
209870 113029 2782379.5
117156 253063 2788666.5
109360 208048 2746624.0
216245 139769 2748337.5
241800 267630 2450286.5
285109 118233 2494302.0
295474 259224 2441829.5
290317 184964 2454136.5
228405 135523 2523454.5
305617 263579 2652017.5
207715 154379 2558919.0
127894 281594 2441950.0
31926 150631 2442212.0
137376 229304 2710647.0
190012 159109 2529818.5
183964 281718 2516868.0
98452 183585 2465598.5
83045 310808 2825370.0
313581 255124 2607463.5
299938 310668 2451299.5
79885 208011 2727354.5
193437 110716 2793645.0
185184 85815 2464403.5
249717 81902 2775925.5
185306 314604 2418063.5
157720 232049 2451188.0
18906 149726 2433058.0
90635 148759 2458454.0
283643 209361 2450860.5
193617 113396 2748372.0
286859 179331 2460927.5
114696 87024 2473188.5
273898 262189 2415523.0
248927 148362 2545480.0
124326 221211 2411744.0
20206 113689 2533959.5
289185 231013 2418226.0
186590 301692 2460430.0
81334 311077 2862811.0
83390 115909 2499333.0
293207 238934 2412791.0
176488 298081 2466593.0
24436 142299 2427083.5
306990 91757 2432763.5
19974 140765 2416778.5
204902 141056 2586124.0
298233 212724 2424918.0
125466 244807 2463831.0
284620 193419 2451853.0
79060 261302 2918774.0
145789 242793 2436911.5
319978 194386 2480117.0
84409 234814 2666760.0
35861 117676 2533551.0
108650 35045 2410503.5
30700 140701 2416048.5
85171 182571 2697309.0
122725 261911 2697120.0
298244 243015 2413831.0
83215 251889 2588470.5
220529 85350 2614041.0
304520 119273 2516554.0
137662 214837 2621182.5
92173 109746 2591012.5
126745 234683 2463112.5
115917 164037 2494436.5
81762 27041 2467684.0
297903 262086 2591687.0
28201 129614 2435261.0
192659 125826 2539372.0
184771 205889 2518476.5
100633 216966 2634133.0
208713 312454 2517077.5
224147 111120 2771749.0
135823 253877 2534480.0
131422 281937 2453991.5
287888 176916 2441696.0
127688 264286 2580125.0
70917 85355 2415189.5
125143 262609 2650999.5
78805 81931 2529596.0
253282 106042 2689015.0
109396 249073 2659682.0
81114 118862 2455180.0
129218 205368 2509407.0
113727 212436 2691632.5
149995 199037 2547323.5
234595 155093 2594299.0
261785 313734 2766262.5
209381 137817 2444517.0
314857 224524 2576931.5
107670 12034 2618256.5
159614 281869 2441007.5
37924 108533 2436922.0
218666 137588 2518499.0
90907 149472 2458467.0
263539 147816 2640932.0
255030 118816 2611596.5
170607 85145 2584059.0
83552 245210 2633164.5
308277 84054 2589752.5
206873 142179 2577712.5
19558 83169 2450280.5
210871 306071 2654896.0
284140 179290 2563012.5
100257 310428 2537232.5
284833 39493 2423456.0
252049 149118 2688614.5
142706 202281 2508526.5
308952 293186 2540405.5
312580 256936 2701029.5
137582 163535 2417633.0
65860 108196 2414922.0
260725 151174 2576579.0
200166 135129 2450931.0
156565 26376 2542926.5
112036 237255 2721668.0
295212 157285 2463177.0
265865 104706 2433408.0
28012 108435 2542166.0
130373 197094 2523694.5
10198 156755 2415116.0
219156 130221 2480677.5
264150 155788 2654304.0
115135 232308 2640037.5
190935 157691 2532656.0
110565 91089 2563761.5
111505 198501 2572213.5
82772 182688 2654772.0
293717 215527 2557463.5
312664 266556 2894062.0
84308 207377 2431167.5
108037 31615 2488895.5
119002 90347 2481159.0
78625 93101 2497755.0
167612 40612 2409947.0
28399 80837 2586732.5
133473 214329 2512717.5
137678 214502 2609337.5
193574 138098 2615473.5
185328 302116 2538666.0
141311 249294 2628284.5
114707 5767 2415467.5
78267 16576 2494824.5
201697 115545 2695767.5
30745 150485 2420537.0
108373 220808 2594579.5
182956 87584 2409266.5
115275 214884 2608926.0
311603 287595 2600200.5
78828 64972 2428279.0
111387 8997 2460261.0
213709 111897 2671312.5
276946 264446 2428608.5
282893 233322 2624664.5
256710 124320 2512244.5
288229 110467 2554459.0
38802 282845 2466275.5
151802 251578 2468134.0
234302 77863 2694004.0
80127 216291 2911293.0
284708 215582 2669269.0
313751 239873 2579947.0
83307 231836 2659306.5
201949 118805 2599447.5
264249 150809 2679845.0
210174 313840 2509920.0
263222 321017 2622147.0
264864 315234 2666727.0
257585 157230 2421299.0
182080 85146 2678083.0
264743 282260 2551769.0
20066 128573 2409784.5
82533 68505 2422962.5
260634 113484 2743722.0
241138 149643 2658090.0
131430 205744 2592509.0
50188 116229 2408954.5
109825 94876 2549522.5
66388 107747 2455435.0
177632 281267 2543399.0
137108 28093 2493281.0
287926 143502 2418124.0
134939 249490 2568700.0
225508 159360 2423485.0
310284 287834 2609978.0
211981 81071 2712733.5
171189 302264 2497863.5
255027 82275 2686029.0
232772 148864 2582107.5
206426 284182 2428041.0
212510 83234 2627319.5
307851 291252 2691290.5
225297 151626 2495555.5
258442 143364 2577023.0
294299 210198 2444252.5
319173 263734 2585652.0
147470 241671 2457026.0
111019 83194 2578641.0
263565 121906 2684622.0
159578 205850 2574995.0
289321 229291 2415375.5
85418 217432 3202160.5
83729 252166 2578098.5
237147 150532 2664922.0
224370 130530 2527289.0
198223 110268 2643173.0
267502 214860 2488096.5
9584 150128 2424324.0
214617 147786 2646336.0
99915 261223 2635234.5
97437 306416 2410373.0
150166 288459 2431579.0
143045 164056 2411110.5
36664 79746 2484487.5
214941 183796 2456348.5
227528 140356 2578885.0
120356 263168 2530477.0
256481 132690 2530650.0
236893 154521 2415428.0
28744 112981 2589497.0
114984 84573 2473986.5
184973 291490 2434571.5
212907 297804 2456062.5
235054 116965 2735476.0
135462 256880 2550595.0
205119 156891 2562866.0
174941 294640 2431477.5
81121 197072 2536747.0
285011 266665 2595861.5
121991 197712 2426354.5
25414 116628 2655089.5
89236 150747 2503994.5
290960 264089 2512157.5
256339 128004 2632978.5
211665 320534 2417729.0
23475 152112 2446990.0
249250 131651 2572223.5
229223 131478 2548239.5
223498 149923 2788180.0
211330 81307 2877138.0
86493 113696 2607257.0
124567 258115 2506328.5
298446 78149 2449714.0
156644 36820 2411329.5
123666 256562 2507684.0
77959 219799 2601355.0
140356 214383 2614328.0
111490 74661 2438207.0
32392 312431 2510362.0
28080 109902 2657120.5
195787 82116 2468375.0
79800 211115 2594926.5
130024 233082 2512580.5
26504 283477 2409364.0
136828 17854 2419926.5
194081 108805 2662969.0
213717 116756 2727498.5
286052 219129 2407175.0
255965 132362 2536413.5
248486 291619 2440487.0
78825 291248 2550813.0
118120 92385 2571265.5
132913 202587 2467459.0
115920 218244 2754792.0
88651 137005 2449377.0
162705 113636 2538518.5
313549 203992 2598884.5
300879 261973 2521657.0
155063 223640 2411199.5
313581 259144 2653629.0
80166 28939 2621251.5
108565 243777 2618947.0
217209 294743 2628990.5
16022 78973 2512000.0
205326 157570 2462089.0
148261 282678 2431853.0
154373 194701 2496953.0
80822 231417 2763860.5
112066 17319 2496278.5
26715 106193 2553493.5
15977 150645 2448391.0
236834 112005 2682623.0
301139 228690 2437579.5
34906 106786 2474155.5
116515 76652 2517185.0
266297 319633 2569619.5
100597 248866 2505205.5
80443 248120 2788521.0
254790 110308 2786966.0
262701 82020 2929518.0
220440 82030 2693618.0
105831 234555 2713295.5
202834 40661 2533736.0
127156 231711 2504254.5
198018 138512 2460481.0
56168 111968 2471571.5
210259 79843 2579835.0
109828 13899 2548167.5
114526 197868 2648953.0
156181 246871 2498300.5
110146 67446 2542875.0
140395 167219 2413043.0
190695 106416 2631325.0
204967 144764 2483351.5
263093 312531 2834035.0
306403 80994 2850463.0
235101 159484 2426580.5
201069 122019 2451659.0
184904 213217 2409578.5
83460 259183 2717206.5
143603 88374 2412217.0
155795 307977 2427391.5
253521 139023 2576476.0
20343 156806 2412440.0
254058 111659 2638317.0
287440 186296 2557587.0
144209 250339 2484546.5
231069 144377 2522793.0
211108 107402 2650319.5
309789 294115 2557312.5
215410 157824 2533988.0
22260 133292 2428436.5
113934 83258 2491616.5
91444 107283 2507662.0
71167 110997 2414256.0
223982 146221 2574507.5
7309 115814 2472442.5
149993 201866 2589980.5
211274 154252 2440384.0
153210 161196 2519054.0
85258 23851 2444436.0
132097 229933 2551684.5
169164 79267 2545548.0
247458 124887 2570705.0
294405 222186 2444868.0
203009 132725 2484206.5
248993 142488 2579002.5
233444 123454 2454774.0
250666 116357 2752619.5
139359 218729 2490960.0
118655 260122 2618131.0
151817 213965 2626375.0
94748 114656 2438746.0
106901 164599 2458297.0
77575 232871 2640849.0
99179 113726 2720276.5
283102 219504 2567929.0
108790 204906 2587331.5
18450 119249 2505437.5
136533 98458 2471151.0
223345 102802 2465793.0
140928 195481 2464367.5
78162 193785 2702702.0
262373 298768 2569996.5
142144 28904 2465168.0
290151 170552 2453239.0
103438 99503 2505826.0
258171 134030 2526898.5
247912 130798 2625333.0
196476 130776 2462881.0
250102 287331 2513513.5
283584 255074 2499484.5
78933 206338 2762682.5
148926 30114 2500632.5
264445 316908 2586228.0
240959 304377 2585455.0
116047 242473 2642820.5
266698 320437 2608037.0
261957 151290 2709963.5
106904 284626 2507176.5
131141 191924 2589204.5
8642 106866 2503324.5
294381 211375 2505005.0
118274 194029 2706375.0
157876 190000 2506380.5
106975 191396 2699840.5
254751 111997 2668457.0
244664 133915 2508073.5
295238 182557 2423369.5
255370 142359 2527282.5
245106 119668 2557073.5
139516 222480 2524001.5
214365 302141 2427791.0
20032 115336 2437317.0
99975 182908 2506921.0
117272 83075 2416561.5
158711 224023 2757636.0
113510 88677 2592398.0
211242 140148 2563786.5
297998 219367 2416256.0
240619 116724 2794107.0
118309 92133 2450310.5
297580 309012 2464691.0
232921 127971 2559197.0
207158 79695 2675062.5
136309 287809 2416735.5
99742 45664 2433159.5
247060 146438 2458305.0
183430 302198 2471709.5
27608 136144 2435017.0
238503 301868 2452810.5
312764 243808 2697869.5
129609 28743 2421766.0
286499 234901 2447637.0
148122 205012 2473653.0
138850 266377 2747824.5
108013 242216 2639227.0
288912 178999 2420542.5
207059 147897 2487659.5
58482 110933 2435069.0
136973 36192 2429076.0
150817 298495 2429173.0
132049 212662 2535301.5
139430 35693 2485250.0
220434 132206 2490415.5
149277 249176 2663567.5
201056 137992 2527564.0
261913 312612 2867108.0
168505 98886 2412976.5
84906 74073 2448414.5
198269 83030 2447859.0
317900 210831 2442413.5
158402 220784 2541285.5
201847 81254 2541626.0
83036 211262 2668907.0
88155 147654 2408142.0
83227 30499 2414904.0
317572 226802 2475685.0
183838 80089 2543089.0
107596 292545 2516503.0
243633 144663 2449737.5
303886 309990 2555975.5
110826 39859 2567813.5
179257 313702 2572236.5
312762 205968 2672736.5
227764 123807 2475987.0
87561 79640 2540845.0
283600 151433 2495875.5
258924 122917 2540428.0
118115 97003 2445200.0
290690 307258 2673778.5
151030 215143 2678931.0
219373 159210 2512044.5
194726 124396 2490747.0
218887 283294 2556382.5
116448 164561 2574250.5
205584 316352 2463935.5
117979 29299 2528066.5
149866 240588 2649900.0
194387 133279 2555445.0
318547 236746 2654307.5
141560 26995 2469999.0
303623 117809 2579362.5
141954 168043 2426354.0
258338 126031 2524634.5
214466 313904 2601278.0
766 80555 2604116.5
174994 80773 2695592.0
147611 200916 2435000.5
268109 99393 2427754.5
138050 231327 2596070.0
312931 15462 2461289.0
82431 262945 2843915.5
249915 289728 2479665.5
206826 138430 2561123.0
106026 221173 2750103.5
166608 151103 2423129.5
111198 81913 2552566.5
321142 229817 2529797.0
150686 266321 2658811.5
30532 112181 2447476.5
182367 294953 2451449.0
130728 262098 2742248.0
100676 249375 2436859.0
118930 7655 2459435.0
116330 238761 2750430.5
137970 28985 2484617.5
34543 113558 2649053.0
115111 234884 2663008.5
155519 196027 2460712.5
225017 148897 2564788.5
260981 104098 2410386.0
307186 116318 2494713.5
150283 251260 2659438.0
217073 154645 2631601.0
153790 193913 2513562.5
140593 264941 2671745.0
314429 220125 2411945.0
303120 188153 2555070.5
287215 256593 2451343.0
112451 92759 2448713.0
148077 207749 2507178.5
229199 282850 2632559.5
144454 86610 2438758.0
108820 223909 2597721.0
156656 80828 2495440.0
254766 111708 2714646.0
114066 198985 2643800.5
117450 259786 2848958.5
199763 153814 2479184.5
174422 83877 2618183.5
115354 258206 2681474.0
212681 145272 2447645.5
231268 157707 2455630.0
249752 112726 2734279.5
106069 213912 2805854.5
89964 78786 2574124.0
235026 116552 2792557.0
317223 261217 2657001.0
94534 116717 2564318.0
178420 293900 2483760.0
218950 158987 2524421.0
136397 229674 2463747.0
1093 141377 2471861.5
98502 116415 2460746.5
130851 250117 2609353.5
135524 227750 2526194.0
106155 265755 2763058.5
126152 230590 2450816.5
240778 295550 2421473.5
83808 171852 2575369.5
245927 145337 2484254.5
277266 216586 2588959.5
