294617 271273 628383.2
43219 276175 486008.6
191810 12515 652368.2
117588 121208 465223.1
226612 167829 647835.8
33425 247112 574551.5
272443 134245 761427.5
220054 65735 589792.1
206961 18719 745781.0
119703 60876 667873.4
154110 171861 702710.6
29675 94802 735346.4
210808 263041 480488.0
24840 50839 568908.5
295925 47078 552007.4
200337 94751 526933.4
164061 65845 565863.8
146223 175907 631434.2
282441 161735 759974.0
209566 30557 691427.3
28556 56446 512896.1
28426 210189 674038.4
195795 248424 730711.4
117441 149891 521563.1
275279 99933 753530.9
93562 27651 761801.0
10908 104986 576445.1
66904 256238 762391.4
247248 10999 706718.3
270510 21319 660054.2
268320 286181 770585.9
176604 148131 531183.2
180862 25789 733917.2
134378 78780 609431.0
66386 267183 788807.3
30770 180300 742779.5
27013 48565 565693.7
209049 97128 722194.7
1149 55232 562820.0
42822 267988 515001.2
152933 112420 460436.9
195694 256278 681494.9
61994 102946 448546.1
280571 63716 464956.7
191936 19741 657519.8
228829 17056 570771.5
223232 227484 443492.6
97762 36430 753620.9
182482 148292 757483.7
206286 44588 776567.3
97103 44297 611147.3
200468 25775 709880.0
18739 87883 760400.6
194572 162353 466790.0
48878 2742 682713.5
123754 274524 563650.7
191009 89385 742296.2
253175 11629 694715.9
60783 169932 766241.6
272930 7047 635468.0
193380 29514 498615.8
29270 204253 599755.1
268360 319399 703124.6
22541 165880 501557.0
219339 199038 602946.5
247049 168726 647067.2
22326 243621 592811.6
58461 95477 565615.4
167742 56142 609346.4
140007 320480 526557.2
20156 244735 543119.9
286403 100984 507870.5
227124 66136 636666.8
90813 9233 499659.8
15537 253328 648116.6
283560 298983 618916.1
2335 161296 785852.6
203167 10392 521755.7
17255 936 636475.1
31296 239342 562832.6
17624 261084 701946.5
59501 224525 783588.2
151998 140608 450028.4
288644 88776 642390.8
35681 56858 571615.7
48190 198945 472496.9
194901 293601 760825.4
315520 140468 521053.7
17400 255643 469552.1
78048 317176 677956.1
103043 95000 514038.2
68224 178257 781504.7
230567 164695 759900.2
169298 71171 602540.6
89442 195637 465674.0
183800 188406 587761.7
61867 211058 744245.6
157333 108945 594774.5
197854 58780 584684.6
202362 36964 570154.1
237814 165697 780087.2
33147 251603 574930.4
216362 24640 726149.3
93849 251040 717620.0
177128 60233 778190.9
5386 270758 466802.6
47733 203871 574988.0
6400 205630 656328.2
228227 66613 681999.8
276502 3534 627314.9
89917 102029 743929.7
72939 17499 516529.4
32371 179402 481948.7
7754 101535 652932.5
237638 64554 795203.6
92070 19088 646899.8
165612 18494 640477.4
95597 22160 611964.5
277059 299859 763303.1
30518 195691 684230.0
213306 190726 489016.4
190953 1885 754207.7
131849 171438 799459.7
26558 60193 538481.3
39943 41001 459824.9
57359 38830 595952.6
100962 56497 738147.2
271616 26444 781214.0
222811 202029 562844.3
258745 13011 463466.3
4859 68681 525829.1
201807 60681 765545.0
1730 269170 762332.0
89858 19678 792752.9
120888 312926 632420.6
241669 169404 694965.2
162159 41628 700662.2
264640 217586 469616.0
188879 38823 492137.6
50846 293675 682767.5
63975 27028 598788.5
239986 37265 607506.8
201679 233951 546305.0
280012 13857 739656.5
30864 70019 724465.4
221065 67381 643163.9
18811 180015 727200.5
223540 64909 624300.8
39985 76141 624436.7
264158 32018 634791.2
45591 202816 627789.2
49329 242043 793768.1
15377 213551 598208.0
204779 45550 661740.8
9637 250078 750297.2
7248 205925 608549.9
34508 89515 486217.4
29777 64857 471963.2
250949 19881 616237.7
232399 17338 644808.2
238741 205381 540257.9
43864 104609 589108.1
167890 101862 796413.2
168032 210255 550030.1
313652 153324 499115.3
6615 38415 497498.0
204566 91023 706507.7
299826 60993 665699.9
237474 163515 799661.3
136577 184375 527072.9
200836 260919 513269.6
96887 55604 487390.1
203071 13554 554730.8
55933 165415 625316.0
217613 164148 773008.7
92142 270174 450143.6
39521 163699 721529.6
593 53056 628165.4
6533 77214 706084.7
312635 148729 612242.6
18973 104337 681179.0
243946 216151 535775.9
237986 196467 742662.5
35753 269554 736740.5
35638 225499 479374.7
9474 202219 491416.7
76285 20424 499141.4
197077 3418 460944.5
32662 69064 501996.2
184151 320359 732586.1
32688 46681 700479.5
22800 279266 638028.5
6197 248337 789964.7
319371 101506 693217.4
252731 16586 582429.2
205668 164433 467291.3
174611 30972 778867.7
302514 82109 635898.2
38348 46090 642185.6
44604 45242 621695.3
152480 156495 472558.1
206610 3351 551018.3
300814 90601 793580.9
20740 5443 527358.2
65449 94084 640419.8
195450 26046 601290.5
37263 231352 546392.3
319844 114790 798073.7
64464 226802 749943.5
24855 163964 576137.3
196198 257775 677569.1
296372 163541 669386.3
166546 222611 779338.4
94914 299902 585005.9
31922 49659 577802.3
276676 296411 718923.2
168640 56943 628651.4
202317 246469 464297.0
277048 51463 564782.0
216073 31121 722015.6
226893 64570 715442.9
159977 24944 532648.4
35044 60995 463888.4
47584 98253 485890.7
171807 60922 767493.5
101867 302929 485073.5
35175 260053 704645.6
92379 270398 486005.0
11905 237105 715325.9
1744 210746 529659.5
32436 208784 754713.5
297360 57172 675551.3
76183 105079 593222.9
11178 246363 695039.9
180302 131921 709313.0
13165 105628 576653.0
205731 14997 794576.3
33787 212890 553677.8
89302 202045 712093.1
4301 254502 750344.9
88933 290592 757262.3
312 50578 649733.9
209055 236467 475149.2
148752 148630 467069.0
199460 220231 642272.9
120715 135917 723988.4
105428 80524 681840.5
21395 222369 603734.9
203909 11039 569081.3
4484 218527 680378.0
191272 14641 725071.1
21331 220650 463418.6
16765 202925 671877.5
132997 145823 660369.2
27877 46868 585234.5
26595 185059 621813.2
32167 224688 533316.2
252510 225860 621941.0
198837 13924 494642.3
198935 52124 649219.1
261168 204822 508594.1
317294 117067 579285.5
87580 63813 801433.4
12386 62671 541035.5
34390 196608 451533.2
22350 271581 745868.3
267153 292933 645441.8
66183 220142 561780.5
211751 169382 781758.5
71929 200783 784823.9
276295 292807 745070.0
94837 280450 465054.8
25149 160547 579720.2
2226 4722 598786.7
265483 222411 595588.1
40562 315662 488308.1
183799 134648 509351.9
37265 232129 528976.4
250683 30687 592871.9
86163 41732 759318.8
299947 83745 799543.4
87921 163769 488624.0
243942 27074 673826.9
277841 156980 616469.0
102801 87430 563818.1
158895 179832 700330.1
41315 15013 651845.3
233303 56322 616854.2
70812 179388 558224.6
244056 19296 571693.1
571 220895 696775.1
56626 204408 710434.4
44714 75182 663344.6
7779 221329 668045.3
146127 174305 571622.0
39081 2979 658688.9
163071 50382 454784.0
167973 19654 585068.0
160251 271409 638477.6
256677 28975 458836.7
41427 66189 443525.0
144393 183943 538613.6
259416 17317 656062.7
102268 61377 589503.2
241564 66191 742984.7
47884 35651 559295.6
231879 11418 646799.9
66019 247754 755023.1
157545 41158 716531.9
63492 172415 690750.5
210731 161642 794061.5
197368 232535 712783.4
232625 34894 629346.2
3101 19974 495465.8
181401 187853 520187.9
296441 276359 714826.4
151099 126286 458394.8
233120 4022 733846.1
215161 225469 498578.9
43381 176727 560693.3
266105 224374 543459.2
163779 18596 493805.3
166905 254541 630838.4
56379 95959 559168.7
208432 190488 605671.7
200152 97335 781674.8
185054 155929 583552.4
65127 48 561650.0
223609 73744 745946.6
25206 224040 459625.1
260933 168738 585230.9
245522 210077 487156.1
31061 421 453332.3
210467 49334 781738.7
162670 200820 459063.5
52173 295085 759669.8
299266 95367 623837.3
191265 238866 515256.8
199873 66782 699093.5
270010 28833 743021.6
237282 11920 714747.2
157798 316794 485019.5
20575 189321 449867.3
168637 21194 726225.8
103003 90607 620517.2
90791 210117 505192.1
10413 201353 516400.7
18190 209448 701321.9
53149 32174 602405.6
68325 225017 490651.7
273524 145129 656564.0
185538 21256 642301.7
216287 30001 622436.9
268978 89105 535952.3
72040 202314 718583.0
260302 201612 610789.1
129944 177747 786281.0
11850 91891 509629.1
255441 22663 491084.6
235931 7201 771736.1
45806 296378 626763.2
65680 199124 627354.5
277868 132026 471038.0
103896 50766 532880.6
60606 96508 641454.8
275980 16402 800059.1
24954 231518 455022.5
188072 120088 743459.0
20063 274760 778899.2
156245 145775 653331.2
209369 64291 656914.1
245795 6341 745263.5
300550 87101 645972.8
53329 52198 493816.1
197339 218445 688474.4
186685 99217 701006.9
263805 19487 792652.1
232597 206687 538552.4
220974 53140 727348.1
220779 169267 741043.4
166810 228370 723282.8
201900 11632 533359.4
198243 33978 697065.8
269114 86394 735862.1
278924 62904 700315.7
160266 52454 559901.3
44339 279660 474363.5
220517 170772 708657.8
104188 66214 660657.2
180755 151636 752954.9
26728 48418 560504.3
166696 227760 657418.1
53117 27457 505382.9
270497 299555 450653.0
20098 245850 573505.7
93283 305222 687158.6
17952 247987 620769.2
200691 42356 730383.8
180786 318385 650969.6
201958 55974 615927.2
89912 11066 794712.2
76335 255749 629398.4
222184 59572 780089.0
15402 230954 588170.3
218735 161509 759974.0
233742 67010 608516.6
16493 182350 639716.9
1119 96967 755606.3
167561 21166 702820.4
104238 277061 631908.5
38368 226877 478745.6
160273 255293 690370.7
36456 161779 619590.2
50519 29111 637904.3
100385 293075 553759.7
34423 206793 532781.6
62664 22393 684135.5
191619 222431 509655.2
110087 147276 666479.3
161923 22452 444534.8
175305 73999 568412.6
318419 108093 535154.0
197553 26185 632267.6
42423 273935 549389.3
67366 280862 659882.3
185092 224503 793348.7
199229 270880 646441.7
65140 243217 773218.4
296671 3142 626228.6
75534 280173 736789.1
196641 46339 557231.9
38751 247161 587100.2
133009 172555 700284.2
80185 300911 562630.1
728 230588 698400.5
205936 232052 499933.4
67962 102665 764826.8
30836 45687 623597.0
203304 47935 634675.1
6269 240876 751863.2
198815 230755 726115.1
302055 84227 447996.2
13314 197956 494469.5
64675 297127 772762.1
310136 186511 718403.0
246812 195895 652732.7
56851 28894 600975.5
144769 120633 510110.6
41442 39445 665582.0
37164 235437 718109.6
145389 118101 452261.3
46952 197439 640201.1
212581 65525 652914.5
227068 24129 441887.9
32922 41846 525794.0
154461 187602 725618.3
8091 273314 750096.5
198594 258198 788992.7
281624 86019 445524.8
251500 49651 728126.6
251747 45482 802134.5
215019 207980 448714.4
275041 296993 630321.8
204405 32372 704772.5
149893 181330 624299.0
63841 219753 726781.1
320390 106618 769425.8
226846 71730 643300.7
184524 185016 631898.6
29865 225915 607688.6
190790 21525 717113.3
188345 74842 671658.8
204685 23719 703499.9
233046 261191 471777.8
216150 22766 775256.0
112258 146149 449621.6
61015 93660 634450.1
224116 167967 747352.4
133560 172237 678203.6
16708 269166 556259.0
239744 262750 451832.0
270317 88316 625687.7
245368 160686 692489.3
65260 164251 531647.6
272566 160719 792509.9
49752 72830 447382.4
297528 281231 543839.9
209854 26273 659279.3
300027 3075 656347.1
99855 281453 449902.4
199382 30123 704579.9
254897 6952 734801.9
239811 19120 625250.3
79000 184591 737356.1
215643 2214 802050.8
272848 36368 783685.4
39249 293337 781614.5
271095 35811 684652.1
248605 37463 504988.7
169301 212376 790691.0
188059 69735 467024.9
246581 77019 698782.1
8341 244945 557060.9
225723 263740 533624.0
233024 198697 656456.0
65146 234056 716581.4
87096 191786 742816.4
237265 204313 541692.5
288244 95665 740521.4
105620 163737 616324.1
75790 16897 607789.4
238736 39232 738041.9
13025 70894 484527.2
550 13195 641561.9
45067 161127 454397.0
89951 8579 448362.5
105199 277376 662008.1
68928 28061 753783.8
231140 20025 623267.6
13926 193501 442625.9
173478 308146 557317.4
179196 256091 757571.9
96118 205688 676330.7
5110 44528 609508.4
162529 66612 535415.0
201481 257852 622535.0
91192 12428 490056.8
26502 240669 517724.6
40480 80778 779392.4
230911 33012 527880.2
3976 255883 677980.4
7555 209547 685945.4
180567 154566 563626.4
162982 190616 454583.3
161475 245044 719309.3
157071 317047 611231.0
167083 42494 443284.7
82376 304355 763058.3
36465 218786 642143.3
17083 231419 589026.2
25100 222277 531617.0
132423 157171 456033.2
232188 8337 736406.6
216795 57628 736451.6
197483 9414 586753.7
68498 166833 642148.7
204736 46649 641114.6
283701 85948 597994.7
321156 157191 511412.9
317102 140302 458798.9
280356 134391 512757.5
86835 91388 452134.4
46696 304960 800825.0
23377 178822 633722.9
149803 172543 536619.2
245943 18521 608909.0
235092 26740 468309.2
276836 100030 760644.5
74509 199960 616236.8
121632 170043 701709.8
119312 137055 545342.0
166118 26652 589013.6
37985 75433 555770.3
28314 59993 558050.0
96226 13740 480326.9
193886 94351 658435.1
66518 198502 752514.8
295980 44246 676474.7
3829 190965 566482.1
208000 48894 757076.9
98578 200734 490164.8
95718 41382 768578.0
260065 215829 560879.6
250595 28398 449611.7
251556 15666 644977.4
77354 254013 698615.6
292420 160622 773372.3
140664 181390 740498.9
254679 222337 512371.4
275885 294489 755367.8
31142 202947 735945.8
13189 64090 449113.1
147109 184524 451877.9
52036 195638 549192.2
121888 119860 451257.8
252298 263077 539978.9
18821 220533 460606.1
26240 208239 639027.5
3719 75356 616424.0
104380 293937 601238.3
215980 20952 786245.9
129068 115815 455305.1
270117 302666 596206.4
165742 220784 738332.6
73058 243308 703940.0
95786 304971 715239.5
18786 217709 471408.8
17092 61793 481571.6
12513 96056 478556.6
2985 292759 713278.4
17061 240185 649357.7
51027 210539 799594.7
102071 316664 740984.9
234507 190855 464189.9
161091 71568 591081.8
220284 73780 800977.1
59172 167424 457088.0
2805 93213 649200.2
202193 236495 612017.6
286973 100342 543195.5
198164 14534 455256.5
188850 54981 638988.8
146314 171716 605221.7
29519 59343 523077.8
68852 273032 761964.8
102872 71619 597263.0
87476 6064 469698.8
143747 78828 451627.7
68447 27233 729854.6
159497 109428 504333.5
126810 280792 646315.7
37245 260305 730526.9
251869 166297 515535.8
872 223100 745757.6
295214 102610 488823.8
217532 244996 609152.9
4909 273703 754958.3
176107 59231 735035.9
8075 39849 603990.5
203799 211226 493607.3
192047 234510 446494.1
19736 69302 579610.4
57055 169227 632060.6
71165 166637 604211.0
14688 254810 562453.7
262674 240296 451958.9
211426 64987 671880.2
105184 278476 568438.7
77049 195351 645611.0
14375 87666 682413.8
69650 146096 800615.3
26554 271054 719929.4
207334 44999 724054.1
23514 214888 487823.9
256799 265406 458644.1
53419 203840 664187.0
246365 67509 712733.0
279319 41281 641549.3
34109 201980 782767.4
12579 241067 758751.8
89073 49058 495169.7
101162 288066 577976.0
199995 61736 716299.7
188779 73891 776903.0
35203 259696 622858.1
64633 203357 688599.5
178760 311680 505949.0
160488 242785 665996.0
232152 216695 509857.7
55864 207140 714449.3
155950 182638 777245.0
204340 266686 700323.8
72363 32603 682249.1
164790 97806 514353.2
90794 5674 458588.3
32898 211670 457505.6
221959 194204 473967.5
126748 116798 603341.6
271620 14334 589185.5
6666 94449 449137.4
199776 30152 676552.1
178694 222291 723548.3
49895 221906 767491.7
15694 259521 761685.8
321206 108983 536935.1
213035 76348 697229.6
6129 207578 609936.8
275467 317816 627867.5
215356 208782 690212.3
193844 722 776381.9
25888 74072 738594.5
45557 104325 455646.2
11887 2069 526580.6
172147 151689 587063.3
196035 243176 586742.9
32755 51582 535564.4
144510 41601 757938.2
24668 159992 577326.2
171903 158334 679232.3
96070 54565 574045.7
60995 220196 733030.7
205269 279448 670007.3
279450 71513 594126.5
91003 285738 631623.2
38612 73724 454766.9
111936 125024 456647.9
8406 274988 652361.9
6843 76563 680898.2
32084 164897 643699.4
119167 151052 571693.1
294909 86398 570624.8
273847 54763 671393.3
60116 245390 714719.3
179377 308938 485384.0
268801 69011 492441.8
162569 2509 589445.6
73291 166088 573458.9
272937 305916 638956.4
33775 258917 548810.6
20766 236204 583680.2
54498 25154 466055.6
13049 232375 665638.7
190558 13523 637432.7
287801 98852 799276.1
229299 164752 768349.4
4712 297512 647788.1
94071 36514 763598.3
17623 259170 501468.8
186606 69593 580866.8
98401 304472 740424.2
67361 96645 663724.4
218742 189834 697953.2
53675 91345 584204.9
39163 7718 564491.3
317595 172431 699562.4
279980 19375 759283.7
18965 242648 585651.2
51180 277023 659117.3
193694 166082 450094.1
314463 144409 601184.3
242504 65696 717644.3
223863 251476 737775.5
175149 317543 747792.5
23933 61980 467567.6
51007 268097 642365.6
228853 54841 799101.5
62303 33221 711270.5
193865 5026 606812.9
50771 119372 637575.8
182021 69886 632581.7
52861 275478 480691.4
54747 27467 483203.3
148367 317236 477220.1
271599 296518 477838.4
271153 319476 721235.3
8894 88610 570772.4
22190 241437 585059.9
200088 58698 653498.6
210651 33786 460530.5
278378 149678 729320.9
18526 279729 780221.3
165604 234256 759992.0
190792 1925 755457.8
39501 250434 617766.8
189587 120227 498262.1
292349 280480 782033.9
91719 299800 490730.9
5032 207691 615389.9
7152 226949 704208.2
260399 196038 445900.1
195261 67165 651816.5
43479 18332 454842.5
10116 295713 745841.3
25718 182016 769802.9
169121 44222 546124.1
230028 66514 643157.6
165561 27506 604475.6
235493 20147 524456.6
104620 97804 752037.8
238868 9770 766873.4
207061 218790 467134.7
237737 2240 626828.0
4825 252925 745237.4
159484 159574 517592.3
263707 224742 582825.2
258635 21897 621286.7
211696 21065 495608.0
190183 93437 734203.4
69287 30265 751304.3
167556 221680 773451.5
14283 271073 476621.6
179040 16719 677260.4
51593 164702 483119.6
225604 21781 576839.3
193569 222008 467483.9
33429 97489 681179.9
71693 102333 711955.4
1811 247275 688207.1
86965 2846 490447.4
71560 168611 552540.2
175817 57407 778663.4
134354 111643 593587.4
127282 175626 700100.6
61323 162486 521678.3
22440 166318 489123.5
270939 280272 641020.1
59499 90877 620888.9
26633 263823 693937.4
32456 238525 578463.8
168056 230610 712361.3
260460 5417 683290.4
318861 151745 604502.6
196270 91073 511501.1
242035 67104 690852.2
74780 11104 613728.5
262563 214762 505488.2
75080 163824 669389.0
118302 150984 459770.0
199694 270448 695872.4
12929 95283 730238.9
62923 278383 625173.8
160557 65199 532320.8
279615 40249 584110.4
270237 316727 739560.2
4350 87524 515066.9
50322 199386 469733.0
139087 312534 632107.4
201776 29767 638214.8
155835 314368 778296.2
305545 303211 442282.1
27497 74993 449570.3
195475 33741 487210.1
230692 162823 774300.2
5061 250481 646576.7
64221 279697 461912.0
267402 278306 505234.4
32679 43580 593007.8
273575 9301 775366.7
88129 283478 787554.5
229882 50213 771517.4
263216 252148 556329.2
21098 192819 687210.8
165409 31485 647219.3
200103 46180 543525.8
218253 20494 797740.7
280363 313426 641676.2
220816 6958 699826.1
155190 75092 793635.8
40229 217374 717283.4
14318 1529 449938.4
230802 9790 687095.6
72872 199719 744335.6
178812 54440 702489.2
250400 1894 693642.2
137489 120292 523664.6
190763 265043 444073.1
203541 238627 580539.2
176163 76939 543375.5
32846 4976 586366.7
24869 44266 614685.2
199165 90114 485993.3
273608 41743 571397.9
78790 147646 637916.9
55937 202545 645828.8
36322 98658 538410.2
173274 32295 788807.3
13205 73860 717293.3
204162 265589 738093.2
205544 232490 641718.5
260201 66259 709522.7
36112 247459 446892.8
384 41942 710765.6
277941 143267 701009.6
111660 180278 800159.9
74696 268820 624841.7
227696 21605 552656.3
220319 169293 754946.6
120382 140751 591737.0
49285 20034 530303.0
197165 259650 780415.7
167533 38320 711512.6
49312 36879 591132.2
208249 31556 648273.2
55508 250042 788745.2
102771 161261 801391.1
71642 187174 693006.8
203458 248446 532304.6
301435 43333 784508.0
245964 165499 684177.8
162855 256186 700578.5
162990 59001 451585.4
164287 105728 801354.2
206515 224914 794284.7
308463 32541 737565.8
26316 215034 493673.0
320548 112237 634502.3
18619 229405 593502.8
131237 151021 456144.8
271229 316773 691091.6
64589 89679 576579.2
83881 286662 665087.9
198180 244948 554275.4
199153 51422 487285.7
144191 186275 641088.5
38056 76759 727501.1
22957 63268 603059.0
201822 219526 568619.6
243631 16831 632260.4
51905 35788 534210.8
77840 120037 676763.6
5027 29255 469983.2
31787 54387 525306.2
300459 95177 555628.1
39084 306934 744626.3
280310 50919 471847.1
24162 41027 635782.1
34933 240828 658501.7
27655 217871 744432.8
96849 296299 634483.4
223702 261376 530530.7
101055 275318 493358.9
176674 123903 698535.5
98196 200178 778027.1
296787 42592 592397.6
33713 248378 716606.6
25853 69712 745751.3
230618 201078 518261.9
26488 166773 555016.1
42869 292658 660059.6
39257 100971 729280.4
248183 36126 482093.6
144002 149159 449842.1
180084 183702 444466.4
161641 43860 517742.6
213490 3699 756717.8
221513 209637 530591.0
24455 192288 599234.9
318258 274170 459779.9
278266 103594 614158.7
20626 247812 637287.8
286491 96231 770010.8
285746 89163 736630.7
48021 103551 441487.4
200053 19419 768237.8
38994 225288 554463.5
271589 5972 475535.3
316491 149427 551097.5
182265 21029 798881.9
63926 27519 630574.7
192223 189949 528205.1
35376 210518 513887.9
23666 260426 493226.6
231493 11089 702828.5
241713 216104 473451.8
5501 240905 768562.7
119074 145183 445649.9
192810 15105 744747.8
150838 320790 477663.8
56920 198733 695471.0
19844 214636 595925.6
39889 103531 608327.6
20886 44698 708253.7
76611 38244 449534.3
65410 188077 632539.4
73797 177763 533617.7
24356 169206 525655.4
216291 250419 675428.9
151127 174823 587943.5
70005 183764 618196.1
93497 292332 632525.0
52647 190850 792651.2
42814 13839 451861.7
12874 218662 510150.2
114060 143687 538232.9
46777 33900 494535.2
95148 57189 592658.6
274538 123472 552767.9
93084 15817 519881.0
34914 179372 649795.1
60196 230545 710564.9
242627 209368 492098.9
206145 11554 664876.4
296198 3779 711474.8
175008 18080 653576.9
103414 162225 719296.7
175461 38086 785835.5
41847 35085 611770.1
6855 220589 698747.0
8249 101628 686264.0
16601 253859 537665.9
155134 189504 799584.8
157918 273621 739050.8
17359 208321 746114.9
312345 307159 554605.7
42060 51270 614407.1
1179 61640 649614.2
204883 32281 584722.4
19517 220576 456079.1
44030 35911 619947.5
240728 202981 550552.1
87552 16924 710887.1
161327 49712 533019.2
301529 268722 778101.8
128863 77444 580614.8
95595 102216 703601.6
55829 603 616208.0
157493 277366 562572.5
205690 250356 525832.7
242188 98539 715764.2
107457 122636 465087.2
