294617 271273 667017.6
43219 276175 556281.8
191810 12515 685672.6
117588 121208 540115.3
226612 167829 682147.4
33425 247112 625148.5
272443 134245 770496.5
220054 65735 637002.3
206961 18719 758327.0
119703 60876 697732.2
154110 171861 724827.8
29675 94802 750211.2
210808 263041 551988.0
24840 50839 620759.5
295925 47078 607614.2
200337 94751 588112.2
164061 65845 618391.4
146223 175907 669390.6
282441 161735 769366.0
209566 30557 716051.9
28556 56446 577194.3
28426 210189 702527.2
195795 248424 746606.2
117441 149891 583935.3
275279 99933 764354.7
93562 27651 770787.0
10908 104986 626621.3
66904 256238 771246.2
247248 10999 727944.9
270510 21319 691650.6
268320 286181 777619.7
176604 148131 591417.6
180862 25789 749099.6
134378 78780 652277.0
66386 267183 791791.9
30770 180300 755992.5
27013 48565 618259.1
209049 97128 739982.1
1149 55232 616024.0
42822 267988 578831.6
152933 112420 536392.7
195694 256278 708326.7
61994 102946 527144.3
280571 63716 539908.1
191936 19741 689679.4
228829 17056 622208.5
223232 227484 523213.8
97762 36430 764424.7
182482 148292 767429.1
206286 44588 782271.9
97103 44297 653611.9
200468 25775 730404.0
18739 87883 769697.8
194572 162353 541334.0
48878 2742 709274.5
123754 274524 616670.1
191009 89385 755616.6
253175 11629 718609.7
60783 169932 774240.8
272930 7047 672528.0
193380 29514 566087.4
29270 204253 644751.3
268360 319399 725149.8
22541 165880 568375.0
219339 199038 647233.5
247049 168726 681549.6
22326 243621 639350.8
58461 95477 618198.2
167742 56142 652211.2
140007 320480 587819.6
20156 244735 600701.7
286403 100984 573285.5
227124 66136 673460.4
90813 9233 566899.4
15537 253328 682365.8
283560 298983 659654.3
2335 161296 789493.8
203167 10392 584085.1
17255 936 673311.3
31296 239342 616033.8
17624 261084 724233.5
59501 224525 787732.6
151998 140608 528297.2
288644 88776 677912.4
35681 56858 622865.1
48190 198945 545772.7
194901 293601 770028.2
315520 140468 583539.1
17400 255643 543482.3
78048 317176 705574.3
103043 95000 578082.6
68224 178257 786112.1
230567 164695 769308.6
169298 71171 646917.8
89442 195637 540466.0
183800 188406 635423.1
61867 211058 757132.8
157333 108945 640877.5
197854 58780 633029.8
202362 36964 621728.3
237814 165697 785009.6
33147 251603 625443.2
216362 24640 743057.9
93849 251040 736424.0
177128 60233 783534.7
5386 270758 541343.8
47733 203871 625488.0
6400 205630 688752.6
228227 66613 708719.4
276502 3534 666186.7
89917 102029 756887.1
72939 17499 580020.2
32371 179402 553124.1
7754 101535 686111.5
237638 64554 796766.8
92070 19088 681419.4
165612 18494 676424.2
95597 22160 654247.5
277059 299859 771955.3
30518 195691 710454.0
213306 190726 558621.2
190953 1885 764881.1
131849 171438 800077.1
26558 60193 597093.9
39943 41001 535916.7
57359 38830 641793.8
100962 56497 752389.6
271616 26444 785886.0
222811 202029 616042.9
258745 13011 538748.9
4859 68681 587253.3
201807 60681 773699.0
1730 269170 771200.0
89858 19678 794860.7
120888 312926 670157.8
241669 169404 718803.6
162159 41628 723234.6
264640 217586 543532.0
188879 38823 561048.8
50846 293675 709316.5
63975 27028 643999.5
239986 37265 650780.4
201679 233951 603179.0
280012 13857 753563.5
30864 70019 741748.2
221065 67381 678513.7
18811 180015 743875.5
223540 64909 663842.4
39985 76141 663948.1
264158 32018 672001.6
45591 202816 666555.6
49329 242043 795650.3
15377 213551 643548.0
204779 45550 692962.4
9637 250078 761839.6
7248 205925 651591.7
34508 89515 556444.2
29777 64857 545357.6
250949 19881 657571.1
232399 17338 679792.6
238741 205381 598475.7
43864 104609 636470.3
167890 101862 797707.6
168032 210255 606076.3
313652 153324 566475.9
6615 38415 565218.0
204566 91023 727781.1
299826 60993 696041.7
237474 163515 800233.9
136577 184375 588220.7
200836 260919 577484.8
96887 55604 557356.3
203071 13554 609732.4
55933 165415 664632.0
217613 164148 779504.1
92142 270174 528386.8
39521 163699 739464.8
593 53056 666848.2
6533 77214 727452.1
312635 148729 654463.8
18973 104337 708081.0
243946 216151 594989.7
237986 196467 755901.5
35753 269554 751295.5
35638 225499 551122.1
9474 202219 560488.1
76285 20424 566496.2
197077 3418 536787.5
32662 69064 568716.6
184151 320359 748064.3
32688 46681 723092.5
22800 279266 674519.5
6197 248337 792692.1
319371 101506 717444.2
252731 16586 631275.6
205668 164433 541723.9
174611 30972 784061.1
302514 82109 672862.6
38348 46090 677752.8
44604 45242 661815.9
152480 156495 545820.3
206610 3351 606844.9
300814 90601 795504.7
20740 5443 588442.6
65449 94084 676379.4
195450 26046 645945.5
37263 231352 603246.9
319844 114790 798999.1
64464 226802 761564.5
24855 163964 626381.9
196198 257775 705273.3
296372 163541 698908.9
166546 222611 784427.2
94914 299902 633279.7
31922 49659 627676.9
276676 296411 737437.6
168640 56943 667226.2
202317 246469 539395.0
277048 51463 617550.0
216073 31121 739842.8
226893 64570 734730.7
159977 24944 592557.2
35044 60995 539077.2
47584 98253 556190.1
171807 60922 775214.5
101867 302929 555554.5
35175 260053 726332.8
92379 270398 556279.0
11905 237105 734639.7
1744 210746 590232.5
32436 208784 765274.5
297360 57172 703703.9
76183 105079 639670.7
11178 246363 718861.7
180302 131921 729963.0
13165 105628 626783.0
205731 14997 796278.9
33787 212890 608913.4
89302 202045 732125.3
4301 254502 761876.7
88933 290592 767256.9
312 50578 683623.7
209055 236467 547835.6
148752 148630 541551.0
199460 220231 677820.7
120715 135917 741377.2
105428 80524 708595.5
21395 222369 647846.7
203909 11039 620893.9
4484 218527 707458.0
191272 14641 742219.3
21331 220650 538711.8
16765 202925 700846.5
132997 145823 691895.6
27877 46868 633457.5
26595 185059 661907.6
32167 224688 593076.6
252510 225860 662007.0
198837 13924 562996.9
198935 52124 683223.3
261168 204822 573848.3
317294 117067 628830.5
87580 63813 801612.2
12386 62671 599080.5
34390 196608 529467.6
22350 271581 758394.9
267153 292933 680285.4
66183 220142 615215.5
211751 169382 786309.5
71929 200783 788693.7
276295 292807 757774.0
94837 280450 539984.4
25149 160547 629168.6
2226 4722 643998.1
265483 222411 641510.3
40562 315662 558070.3
183799 134648 574437.7
37265 232129 589701.2
250683 30687 639397.7
86163 41732 768856.4
299947 83745 800142.2
87921 163769 558316.0
243942 27074 702362.7
277841 156980 657751.0
102801 87430 616800.3
158895 179832 722976.3
41315 15013 685265.9
233303 56322 658050.6
70812 179388 612449.8
244056 19296 622925.3
571 220895 720211.3
56626 204408 730835.2
44714 75182 694209.8
7779 221329 697865.9
146127 174305 622870.0
39081 2979 690588.7
163071 50382 531996.0
167973 19654 633328.0
160251 271409 674868.8
256677 28975 535148.1
41427 66189 523239.0
144393 183943 597196.8
259416 17317 688546.1
102268 61377 636777.6
241564 66191 756152.1
47884 35651 613282.8
231879 11418 681341.7
66019 247754 765515.3
157545 41158 735577.7
63492 172415 715525.5
210731 161642 795878.5
197368 232535 732662.2
232625 34894 667766.6
3101 19974 563637.4
181401 187853 582865.7
296441 276359 734251.2
151099 126286 534804.4
233120 4022 749044.3
215161 225469 566058.7
43381 176727 614369.9
266105 224374 600965.6
163779 18596 562345.9
166905 254541 668927.2
56379 95959 613184.1
208432 190488 649353.1
200152 97335 786244.4
185054 155929 632149.2
65127 48 615114.0
223609 73744 758455.8
25206 224040 535761.3
260933 168738 633454.7
245522 210077 557174.3
31061 421 530866.9
210467 49334 786294.1
162670 200820 535324.5
52173 295085 769129.4
299266 95367 663481.9
191265 238866 579030.4
199873 66782 722014.5
270010 28833 756180.8
237282 11920 734189.6
157798 316794 555512.5
20575 189321 528171.9
168637 21194 743117.4
103003 90607 660899.6
90791 210117 571202.3
10413 201353 579920.1
18190 209448 723747.7
53149 32174 646812.8
68325 225017 559893.1
273524 145129 688936.0
185538 21256 677843.1
216287 30001 662392.7
268978 89105 595126.9
72040 202314 737173.0
260302 201612 653333.3
129944 177747 789827.0
11850 91891 574653.3
255441 22663 560229.8
235931 7201 778514.3
45806 296378 665757.6
65680 199124 666217.5
277868 132026 544638.0
103896 50766 592737.8
60606 96508 677184.4
275980 16402 800543.3
24954 231518 532181.5
188072 120088 756521.0
20063 274760 784085.6
156245 145775 686421.6
209369 64291 689208.3
245795 6341 757924.5
300550 87101 680698.4
53329 52198 562354.3
197339 218445 713755.2
186685 99217 723502.7
263805 19487 794782.3
232597 206687 597149.2
220974 53140 743990.3
220779 169267 754642.2
166810 228370 740828.4
201900 11632 593110.2
198243 33978 720437.4
269114 86394 750612.3
278924 62904 722965.1
160266 52454 613753.9
44339 279660 547224.5
220517 170772 729453.4
104188 66214 692119.6
180755 151636 763906.7
26728 48418 614222.9
166696 227760 689600.3
53117 27457 571350.7
270497 299555 528783.0
20098 245850 624335.1
93283 305222 712731.8
17952 247987 661095.6
200691 42356 746351.4
180786 318385 684584.8
201958 55974 657329.6
89912 11066 796384.6
76335 255749 667807.2
222184 59572 785011.0
15402 230954 635740.9
218735 161509 769366.0
233742 67010 651565.8
16493 182350 675832.7
1119 96967 765968.9
167561 21166 724913.2
104238 277061 669759.5
38368 226877 550632.8
160273 255293 715230.1
36456 161779 660178.6
50519 29111 674422.9
100385 293075 608977.1
34423 206793 592660.8
62664 22393 710380.5
191619 222431 574673.6
110087 147276 696647.9
161923 22452 524024.4
175305 73999 620373.8
318419 108093 594506.0
197553 26185 670038.8
42423 273935 605577.9
67366 280862 691516.9
185092 224503 795324.1
199229 270880 681063.1
65140 243217 779667.2
296671 3142 665341.8
75534 280173 751333.3
196641 46339 611677.7
38751 247161 634908.6
133009 172555 722940.6
80185 300911 615876.3
728 230588 721475.5
205936 232052 567112.2
67962 102665 773140.4
30836 45687 663295.0
203304 47935 671911.3
6269 240876 763057.6
198815 230755 743031.3
302055 84227 526716.6
13314 197956 562862.5
64675 297127 779312.3
310136 186511 737033.0
246812 195895 685956.1
56851 28894 645700.5
144769 120633 575027.8
41442 39445 695950.0
37164 235437 736804.8
145389 118101 530033.9
46952 197439 676209.3
212581 65525 686097.5
227068 24129 521965.7
32922 41846 587226.0
154461 187602 742644.9
8091 273314 761683.5
198594 258198 791936.1
281624 86019 524794.4
251500 49651 744595.8
251747 45482 802157.5
215019 207980 527275.2
275041 296993 668525.4
204405 32372 726431.5
149893 181330 663841.0
63841 219753 743549.3
320390 106618 776717.4
226846 71730 678620.1
184524 185016 669751.8
29865 225915 650921.8
190790 21525 736029.9
188345 74842 700676.4
204685 23719 725441.7
233046 261191 545213.4
216150 22766 781252.0
112258 146149 527980.8
61015 93660 671736.3
224116 167967 759549.2
133560 172237 705766.8
16708 269166 610921.0
239744 262750 529700.0
270317 88316 664921.1
245368 160686 716877.9
65260 164251 591778.8
272566 160719 794671.7
49752 72830 526239.2
297528 281231 601261.7
209854 26273 691047.9
300027 3075 688767.3
99855 281453 528199.2
199382 30123 726281.7
254897 6952 749787.7
239811 19120 664580.9
79000 184591 751774.3
215643 2214 802092.4
272848 36368 787808.2
39249 293337 786197.5
271095 35811 710782.3
248605 37463 571044.1
169301 212376 793257.0
188059 69735 541516.7
246581 77019 721772.3
8341 244945 611544.7
225723 263740 593316.0
233024 198697 688852.0
65146 234056 735616.2
87096 191786 756021.2
237265 204313 599591.5
288244 95665 754236.2
105620 163737 657638.3
75790 16897 651000.2
238736 39232 752307.7
13025 70894 555129.6
550 13195 677267.7
45067 161127 531695.0
89951 8579 527001.5
105199 277376 693170.3
68928 28061 764551.4
231140 20025 663038.8
13926 193501 522539.7
173478 308146 611744.2
179196 256091 767497.7
96118 205688 704310.1
5110 44528 652337.2
162529 66612 594709.0
201481 257852 662469.0
91192 12428 559430.4
26502 240669 580949.8
40480 80778 784469.2
230911 33012 588848.6
3976 255883 705593.2
7555 209547 711788.2
180567 154566 616651.2
162982 190616 531839.9
161475 245044 737737.9
157071 317047 653677.0
167083 42494 523052.1
82376 304355 771764.9
36465 218786 677719.9
17083 231419 636406.6
25100 222277 591755.0
132423 157171 532967.6
232188 8337 751035.8
216795 57628 751070.8
197483 9414 634639.1
68498 166833 677724.1
204736 46649 676919.8
283701 85948 643382.1
321156 157191 576040.7
317102 140302 535118.7
280356 134391 577086.5
86835 91388 529935.2
46696 304960 801139.0
23377 178822 671170.7
149803 172543 595645.6
245943 18521 651871.0
235092 26740 542515.6
276836 100030 769887.5
74509 199960 657570.4
121632 170043 724049.4
119312 137055 602430.0
166118 26652 636396.8
37985 75433 610540.9
28314 59993 612314.0
96226 13740 551862.7
193886 94351 690391.3
66518 198502 763564.4
295980 44246 704422.1
3829 190965 618872.3
208000 48894 767112.7
98578 200734 559514.4
95718 41382 776058.0
260065 215829 614514.8
250595 28398 527973.1
251556 15666 679924.2
77354 254013 721642.8
292420 160622 779786.9
140664 181390 754218.7
254679 222337 576786.2
275885 294489 765783.4
31142 202947 750677.4
13189 64090 527585.3
147109 184524 529735.7
52036 195638 605424.6
121888 119860 529253.4
252298 263077 598258.7
18821 220533 536524.3
26240 208239 675296.5
3719 75356 657716.0
104380 293937 645904.9
215980 20952 789799.7
129068 115815 532401.3
270117 302666 641991.2
165742 220784 752533.8
73058 243308 725784.0
95786 304971 734572.5
18786 217709 544926.4
17092 61793 552830.8
12513 96056 550485.8
2985 292759 733047.2
17061 240185 683331.1
51027 210539 800182.1
102071 316664 754596.7
234507 190855 539311.7
161091 71568 638005.4
220284 73780 801257.3
59172 167424 533788.0
2805 93213 683208.6
202193 236495 654288.8
286973 100342 600760.5
198164 14534 532363.5
188850 54981 675266.4
146314 171716 649003.1
29519 59343 585113.4
68852 273032 770914.4
102872 71619 642813.0
87476 6064 543596.4
143747 78828 529541.1
68447 27233 745939.8
159497 109428 570534.5
126810 280792 680965.1
37245 260305 746462.7
251869 166297 579247.4
872 223100 758308.8
295214 102610 558471.4
217532 244996 652060.7
4909 273703 765464.9
176107 59231 749969.7
8075 39849 648045.5
203799 211226 562191.9
192047 234510 525548.3
19736 69302 629083.2
57055 169227 669877.8
71165 166637 648217.0
14688 254810 615739.1
262674 240296 529798.7
211426 64987 700848.6
105184 278476 620394.1
77049 195351 680417.0
14375 87666 709041.4
69650 146096 800975.9
26554 271054 738220.2
207334 44999 741428.3
23514 214888 557693.7
256799 265406 534998.3
53419 203840 694865.0
246365 67509 732623.0
279319 41281 677257.9
34109 201980 787094.2
12579 241067 768415.4
89073 49058 563407.1
101162 288066 627812.0
199995 61736 735397.1
188779 73891 782533.0
35203 259696 662720.3
64633 203357 713852.5
178760 311680 571791.0
160488 242785 696272.0
232152 216695 574831.1
55864 207140 733957.9
155950 182638 782799.0
204340 266686 722971.4
72363 32603 708913.3
164790 97806 578327.6
90794 5674 534954.9
32898 211670 534112.8
221959 194204 546916.5
126748 116798 647540.8
271620 14334 636530.5
6666 94449 527604.2
199776 30152 704482.3
178694 222291 741034.9
49895 221906 775213.1
15694 259521 770697.4
321206 108983 595891.3
213035 76348 720564.8
6129 207578 652670.4
275467 317816 666616.5
215356 208782 715106.9
193844 722 782127.7
25888 74072 752737.5
45557 104325 532666.6
11887 2069 587837.8
172147 151689 634879.9
196035 243176 634630.7
32755 51582 594825.2
144510 41601 767782.6
24668 159992 627306.6
171903 158334 706566.9
96070 54565 624755.1
60995 220196 748410.1
205269 279448 699391.9
279450 71513 640373.5
91003 285738 669537.6
38612 73724 531982.7
111936 125024 533445.7
8406 274988 685667.7
6843 76563 707862.6
32084 164897 678930.2
119167 151052 622925.3
294909 86398 622094.4
273847 54763 700469.9
60116 245390 734167.9
179377 308938 555796.0
268801 69011 561285.4
162569 2509 636732.8
73291 166088 624298.7
272937 305916 675241.2
33775 258917 605127.8
20766 236204 632248.6
54498 25154 540762.8
13049 232375 695994.1
190558 13523 674056.1
287801 98852 799934.3
229299 164752 775880.2
4712 297512 682110.3
94071 36514 772184.9
17623 259170 568306.4
186606 69593 630060.4
98401 304472 754160.6
67361 96645 694505.2
218742 189834 721127.6
53675 91345 632656.7
39163 7718 617323.9
317595 172431 722379.2
279980 19375 768829.1
18965 242648 633781.6
51180 277023 690921.9
193694 166082 528348.3
314463 144409 645862.9
242504 65696 736442.9
223863 251476 752100.5
175149 317543 759891.5
23933 61980 541938.8
51007 268097 677892.8
228853 54841 799798.5
62303 33221 731485.5
193865 5026 650240.7
50771 119372 674167.4
182021 69886 670283.1
52861 275478 552146.2
54747 27467 554099.9
148367 317236 549446.3
271599 296518 549927.2
271153 319476 739235.9
8894 88610 622209.2
22190 241437 633321.7
200088 58698 686551.8
210651 33786 536465.5
278378 149678 745524.7
18526 279729 785113.9
165604 234256 769380.0
190792 1925 765853.4
39501 250434 658760.4
189587 120227 565812.3
292349 280480 786523.7
91719 299800 559954.7
5032 207691 656911.7
7152 226949 725992.6
260399 196038 525086.3
195261 67165 685243.5
43479 18332 532041.5
10116 295713 758373.9
25718 182016 777010.7
169121 44222 603038.3
230028 66514 678508.8
165561 27506 648422.8
235493 20147 586185.8
104620 97804 763193.4
238868 9770 774732.2
207061 218790 541602.1
237737 2240 665808.0
4825 252925 757904.2
159484 159574 580846.9
263707 224742 631583.6
258635 21897 661498.1
211696 21065 563748.0
190183 93437 749322.2
69287 30265 762622.9
167556 221680 779848.5
14283 271073 548980.8
179040 16719 705033.2
51593 164702 554034.8
225604 21781 626927.9
193569 222008 541873.7
33429 97489 708081.7
71693 102333 732018.2
1811 247275 713547.3
86965 2846 559734.2
71560 168611 608028.6
175817 57407 783902.2
134354 111643 639954.2
127282 175626 722797.8
61323 162486 584024.9
22440 166318 558704.5
270939 280272 676846.3
59499 90877 661188.7
26633 263823 718004.2
32456 238525 628191.4
168056 230610 732333.9
260460 5417 709723.2
318861 151745 648443.8
196270 91073 576109.3
242035 67104 715604.6
74780 11104 655619.5
262563 214762 571432.6
75080 163824 698911.0
118302 150984 535874.0
199694 270448 719509.2
12929 95283 746238.7
62923 278383 664521.4
160557 65199 592302.4
279615 40249 632583.2
270237 316727 753488.6
4350 87524 578882.7
50322 199386 543623.0
139087 312534 669914.2
201776 29767 674664.4
155835 314368 783616.6
305545 303211 522272.3
27497 74993 527940.9
195475 33741 557216.3
230692 162823 780508.6
5061 250481 681168.1
64221 279697 537540.0
267402 278306 571235.2
32679 43580 639503.4
273575 9301 781338.1
88129 283478 790817.5
229882 50213 778344.2
263216 252148 610975.6
21098 192819 712772.4
165409 31485 681667.9
200103 46180 601017.4
218253 20494 798740.1
280363 313426 677356.6
220816 6958 722584.3
155190 75092 795547.4
40229 217374 736162.2
14318 1529 528227.2
230802 9790 712682.8
72872 199719 757202.8
178812 54440 724655.6
250400 1894 717774.6
137489 120292 585569.8
190763 265043 523665.3
203541 238627 629805.6
176163 76939 600900.5
32846 4976 634338.1
24869 44266 656363.6
199165 90114 556269.9
273608 41743 622695.7
78790 147646 674432.7
55937 202545 680586.4
36322 98658 597038.6
173274 32295 791791.9
13205 73860 736169.9
204162 265589 752347.6
205544 232490 677389.5
260201 66259 730126.1
36112 247459 525858.4
384 41942 731092.8
277941 143267 723504.8
111660 180278 800621.7
74696 268820 664263.1
227696 21605 608118.9
220319 169293 765455.8
120382 140751 638515.0
49285 20034 590733.0
197165 259650 785265.1
167533 38320 731673.8
49312 36879 638044.6
208249 31556 682487.6
55508 250042 791743.6
102771 161261 801579.3
71642 187174 717280.4
203458 248446 592289.8
301435 43333 788448.0
245964 165499 710413.4
162855 256186 723169.5
162990 59001 529508.2
164287 105728 801550.6
206515 224914 796052.1
308463 32541 751937.4
26316 215034 562243.0
320548 112237 671776.9
18619 229405 639888.4
131237 151021 533054.4
271229 316773 715790.8
64589 89679 626725.6
83881 286662 695565.7
198180 244948 609378.2
199153 51422 557275.1
144191 186275 676899.5
38056 76759 744109.3
22957 63268 647321.0
201822 219526 620534.8
243631 16831 670033.2
51905 35788 593772.4
77840 120037 704646.8
5027 29255 543817.6
31787 54387 586846.6
300459 95177 610430.3
39084 306934 757428.9
280310 50919 545267.3
24162 41027 672772.3
34933 240828 690443.1
27655 217871 757278.4
96849 296299 671762.2
223702 261376 590910.1
101055 275318 561998.7
176674 123903 721580.5
98196 200178 783407.3
296787 42592 639028.8
33713 248378 735635.8
25853 69712 758303.9
230618 201078 581367.7
26488 166773 609954.3
42869 292658 691654.8
39257 100971 745493.2
248183 36126 553236.8
144002 149159 528152.3
180084 183702 523971.2
161641 43860 580963.8
213490 3699 766833.4
221513 209637 590957.0
24455 192288 644346.7
318258 274170 535881.7
278266 103594 655954.1
20626 247812 673943.4
286491 96231 777172.4
285746 89163 751210.1
48021 103551 521654.2
200053 19419 775793.4
38994 225288 609524.5
271589 5972 548135.9
316491 149427 606906.5
182265 21029 799627.7
63926 27519 668722.1
192223 189949 589101.3
35376 210518 577965.7
23666 260426 561895.8
231493 11089 724919.5
241713 216104 546515.4
5501 240905 776046.1
119074 145183 524891.7
192810 15105 757523.4
150838 320790 549791.4
56920 198733 719197.0
19844 214636 641772.8
39889 103531 651418.8
20886 44698 729139.1
76611 38244 527912.9
65410 188077 670250.2
73797 177763 593311.1
24356 169206 587118.2
216291 250419 703608.7
151127 174823 635564.5
70005 183764 659094.3
93497 292332 670239.0
52647 190850 794781.6
42814 13839 529723.1
12874 218662 575058.6
114060 143687 596900.7
46777 33900 562913.6
95148 57189 639231.8
274538 123472 608205.7
93084 15817 582627.0
34914 179372 683671.3
60196 230545 730936.7
242627 209368 561018.7
206145 11554 695401.2
296198 3779 731644.4
175008 18080 686612.7
103414 162225 737728.1
175461 38086 789480.5
41847 35085 654096.3
6855 220589 721745.0
8249 101628 712036.0
16601 253859 596459.7
155134 189504 800174.4
157918 273621 753092.4
17359 208321 758586.7
312345 307159 609635.1
42060 51270 656147.3
1179 61640 683530.6
204883 32281 633059.2
19517 220576 533003.3
44030 35911 660456.5
240728 202981 606482.3
87552 16924 731187.3
161327 49712 592845.6
301529 268722 783465.4
128863 77444 629864.4
95595 102216 725520.8
55829 603 657548.0
157493 277366 615831.5
205690 250356 587256.1
242188 98539 734980.6
107457 122636 540009.6
