294617 271273 744286.4
43219 276175 696828.2
191810 12515 752281.4
117588 121208 689899.7
226612 167829 750770.6
33425 247112 726342.5
272443 134245 788634.5
220054 65735 731422.7
206961 18719 783419.0
119703 60876 757449.8
154110 171861 769062.2
29675 94802 779940.8
210808 263041 694988.0
24840 50839 724461.5
295925 47078 718827.8
200337 94751 710469.8
164061 65845 723446.6
146223 175907 745303.4
282441 161735 788150.0
209566 30557 765301.1
28556 56446 705790.7
28426 210189 759504.8
195795 248424 778395.8
117441 149891 708679.7
275279 99933 786002.3
93562 27651 788759.0
10908 104986 726973.7
66904 256238 788955.8
247248 10999 770398.1
270510 21319 754843.4
268320 286181 791687.3
176604 148131 711886.4
180862 25789 779464.4
134378 78780 737969.0
66386 267183 797761.1
30770 180300 782418.5
27013 48565 723389.9
209049 97128 775556.9
1149 55232 722432.0
42822 267988 706492.4
152933 112420 688304.3
195694 256278 761990.3
61994 102946 684340.7
280571 63716 689810.9
191936 19741 753998.6
228829 17056 725082.5
223232 227484 682656.2
97762 36430 786032.3
182482 148292 787319.9
206286 44588 793681.1
97103 44297 738541.1
200468 25775 771452.0
18739 87883 788292.2
194572 162353 690422.0
48878 2742 762396.5
123754 274524 722708.9
191009 89385 782257.4
253175 11629 766397.3
60783 169932 790239.2
272930 7047 746648.0
193380 29514 701030.6
29270 204253 734743.7
268360 319399 769200.2
22541 165880 702011.0
219339 199038 735807.5
247049 168726 750514.4
22326 243621 732429.2
58461 95477 723363.8
167742 56142 737940.8
140007 320480 710344.4
20156 244735 715865.3
286403 100984 704115.5
227124 66136 747047.6
90813 9233 701378.6
15537 253328 750864.2
283560 298983 741130.7
2335 161296 796776.2
203167 10392 708743.9
17255 936 746983.7
31296 239342 722436.2
17624 261084 768807.5
59501 224525 796021.4
151998 140608 684834.8
288644 88776 748955.6
35681 56858 725363.9
48190 198945 692324.3
194901 293601 788433.8
315520 140468 708509.9
17400 255643 691342.7
78048 317176 760810.7
103043 95000 706171.4
68224 178257 795326.9
230567 164695 788125.4
169298 71171 735672.2
89442 195637 690050.0
183800 188406 730745.9
61867 211058 782907.2
157333 108945 733083.5
197854 58780 729720.2
202362 36964 724876.7
237814 165697 794854.4
33147 251603 726468.8
216362 24640 776875.1
93849 251040 774032.0
177128 60233 794222.3
5386 270758 690426.2
47733 203871 726488.0
6400 205630 753601.4
228227 66613 762158.6
276502 3534 743930.3
89917 102029 782801.9
72939 17499 707001.8
32371 179402 695474.9
7754 101535 752469.5
237638 64554 799893.2
92070 19088 750458.6
165612 18494 748317.8
95597 22160 738813.5
277059 299859 789259.7
30518 195691 762902.0
213306 190726 697830.8
190953 1885 786227.9
131849 171438 801311.9
26558 60193 714319.1
39943 41001 688100.3
57359 38830 733476.2
100962 56497 780874.4
271616 26444 795230.0
222811 202029 722440.1
258745 13011 689314.1
4859 68681 710101.7
201807 60681 790007.0
1730 269170 788936.0
89858 19678 799076.3
120888 312926 745632.2
241669 169404 766480.4
162159 41628 768379.4
264640 217586 691364.0
188879 38823 698871.2
50846 293675 762414.5
63975 27028 734421.5
239986 37265 737327.6
201679 233951 716927.0
280012 13857 781377.5
30864 70019 776313.8
221065 67381 749213.3
18811 180015 777225.5
223540 64909 742925.6
39985 76141 742970.9
264158 32018 746422.4
45591 202816 744088.4
49329 242043 799414.7
15377 213551 734228.0
204779 45550 755405.6
9637 250078 784924.4
7248 205925 737675.3
34508 89515 696897.8
29777 64857 692146.4
250949 19881 740237.9
232399 17338 749761.4
238741 205381 714911.3
43864 104609 731194.7
167890 101862 800296.4
168032 210255 718168.7
313652 153324 701197.1
6615 38415 700658.0
204566 91023 770327.9
299826 60993 756725.3
237474 163515 801379.1
136577 184375 710516.3
200836 260919 705915.2
96887 55604 697288.7
203071 13554 719735.6
55933 165415 743264.0
217613 164148 792494.9
92142 270174 684873.2
39521 163699 775335.2
593 53056 744213.8
6533 77214 770186.9
312635 148729 738906.2
18973 104337 761885.0
243946 216151 713417.3
237986 196467 782379.5
35753 269554 780405.5
35638 225499 694616.9
9474 202219 698630.9
76285 20424 701205.8
197077 3418 688473.5
32662 69064 702157.4
184151 320359 779020.7
32688 46681 768318.5
22800 279266 747501.5
6197 248337 798146.9
319371 101506 765897.8
252731 16586 728968.4
205668 164433 690589.1
174611 30972 794447.9
302514 82109 746791.4
38348 46090 748887.2
44604 45242 742057.1
152480 156495 692344.7
206610 3351 718498.1
300814 90601 799352.3
20740 5443 710611.4
65449 94084 748298.6
195450 26046 735255.5
37263 231352 716956.1
319844 114790 800849.9
64464 226802 784806.5
24855 163964 726871.1
196198 257775 760681.7
296372 163541 757954.1
166546 222611 794604.8
94914 299902 729827.3
31922 49659 727426.1
276676 296411 774466.4
168640 56943 744375.8
202317 246469 689591.0
277048 51463 723086.0
216073 31121 775497.2
226893 64570 773306.3
159977 24944 712374.8
35044 60995 689454.8
47584 98253 696788.9
171807 60922 790656.5
101867 302929 696516.5
35175 260053 769707.2
92379 270398 696827.0
11905 237105 773267.3
1744 210746 711378.5
32436 208784 786396.5
297360 57172 760009.1
76183 105079 732566.3
11178 246363 766505.3
180302 131921 771263.0
13165 105628 727043.0
205731 14997 799684.1
33787 212890 719384.6
89302 202045 772189.7
4301 254502 784940.3
88933 290592 787246.1
312 50578 751403.3
209055 236467 693208.4
148752 148630 690515.0
199460 220231 748916.3
120715 135917 776154.8
105428 80524 762105.5
21395 222369 736070.3
203909 11039 724519.1
4484 218527 761618.0
191272 14641 776515.7
21331 220650 689298.2
16765 202925 758784.5
132997 145823 754948.4
27877 46868 729903.5
26595 185059 742096.4
32167 224688 712597.4
252510 225860 742139.0
198837 13924 699706.1
198935 52124 751231.7
261168 204822 704356.7
317294 117067 727920.5
87580 63813 801969.8
12386 62671 715170.5
34390 196608 685336.4
22350 271581 783448.1
267153 292933 749972.6
66183 220142 722085.5
211751 169382 795411.5
71929 200783 796433.3
276295 292807 783182.0
94837 280450 689843.6
25149 160547 728065.4
2226 4722 734420.9
265483 222411 733354.7
40562 315662 697594.7
183799 134648 704609.3
37265 232129 711150.8
250683 30687 732449.3
86163 41732 787931.6
299947 83745 801339.8
87921 163769 697700.0
243942 27074 759434.3
277841 156980 740315.0
102801 87430 722764.7
158895 179832 768268.7
41315 15013 752107.1
233303 56322 740443.4
70812 179388 720900.2
244056 19296 725389.7
571 220895 767083.7
56626 204408 771636.8
44714 75182 755940.2
7779 221329 757507.1
146127 174305 725366.0
39081 2979 754388.3
163071 50382 686420.0
167973 19654 729848.0
160251 271409 747651.2
256677 28975 687770.9
41427 66189 682667.0
144393 183943 714363.2
259416 17317 753512.9
102268 61377 731326.4
241564 66191 782486.9
47884 35651 721257.2
231879 11418 750425.3
66019 247754 786499.7
157545 41158 773669.3
63492 172415 765075.5
210731 161642 799512.5
197368 232535 772419.8
232625 34894 744607.4
3101 19974 699980.6
181401 187853 708221.3
296441 276359 773100.8
151099 126286 687623.6
233120 4022 779440.7
215161 225469 701018.3
43381 176727 721723.1
266105 224374 715978.4
163779 18596 699427.1
166905 254541 745104.8
56379 95959 721214.9
208432 190488 736715.9
200152 97335 795383.6
185054 155929 729342.8
65127 48 722042.0
223609 73744 783474.2
25206 224040 688033.7
260933 168738 729902.3
245522 210077 697210.7
31061 421 685936.1
210467 49334 795404.9
162670 200820 687846.5
52173 295085 788048.6
299266 95367 742771.1
191265 238866 706577.6
199873 66782 767856.5
270010 28833 782499.2
237282 11920 773074.4
157798 316794 696498.5
20575 189321 684781.1
168637 21194 776900.6
103003 90607 741664.4
90791 210117 703222.7
10413 201353 706958.9
18190 209448 768599.3
53149 32174 735627.2
68325 225017 698375.9
273524 145129 753680.0
185538 21256 748925.9
216287 30001 742304.3
268978 89105 713476.1
72040 202314 774353.0
260302 201612 738421.7
129944 177747 796919.0
11850 91891 704701.7
255441 22663 698520.2
235931 7201 792070.7
45806 296378 743746.4
65680 199124 743943.5
277868 132026 691838.0
103896 50766 712452.2
60606 96508 748643.6
275980 16402 801511.7
24954 231518 686499.5
188072 120088 782645.0
20063 274760 794458.4
156245 145775 752602.4
209369 64291 753796.7
245795 6341 783246.5
300550 87101 750149.6
53329 52198 699430.7
197339 218445 764316.8
186685 99217 768494.3
263805 19487 799042.7
232597 206687 714342.8
220974 53140 777274.7
220779 169267 781839.8
166810 228370 775919.6
201900 11632 712611.8
198243 33978 767180.6
269114 86394 780112.7
278924 62904 768263.9
160266 52454 721459.1
44339 279660 692946.5
220517 170772 771044.6
104188 66214 755044.4
180755 151636 785810.3
26728 48418 721660.1
166696 227760 753964.7
53117 27457 703286.3
270497 299555 685043.0
20098 245850 725993.9
93283 305222 763878.2
17952 247987 741748.4
200691 42356 778286.6
180786 318385 751815.2
201958 55974 740134.4
89912 11066 799729.4
76335 255749 744624.8
222184 59572 794855.0
15402 230954 730882.1
218735 161509 788150.0
233742 67010 737664.2
16493 182350 748064.3
1119 96967 786694.1
167561 21166 769098.8
104238 277061 745461.5
38368 226877 694407.2
160273 255293 764948.9
36456 161779 741355.4
50519 29111 747460.1
100385 293075 719411.9
34423 206793 712419.2
62664 22393 762870.5
191619 222431 704710.4
110087 147276 756985.1
161923 22452 683003.6
175305 73999 724296.2
318419 108093 713210.0
197553 26185 745581.2
42423 273935 717955.1
67366 280862 754786.1
185092 224503 799274.9
199229 270880 750305.9
65140 243217 792564.8
296671 3142 743568.2
75534 280173 780421.7
196641 46339 720569.3
38751 247161 730525.4
133009 172555 768253.4
80185 300911 722368.7
728 230588 767625.5
205936 232052 701469.8
67962 102665 789767.6
30836 45687 742691.0
203304 47935 746383.7
6269 240876 785446.4
198815 230755 776863.7
302055 84227 684157.4
13314 197956 699648.5
64675 297127 792412.7
310136 186511 774293.0
246812 195895 752402.9
56851 28894 735150.5
144769 120633 704862.2
41442 39445 756686.0
37164 235437 774195.2
145389 118101 685579.1
46952 197439 748225.7
212581 65525 752463.5
227068 24129 682121.3
32922 41846 710090.0
154461 187602 776698.1
8091 273314 784857.5
198594 258198 797822.9
281624 86019 683333.6
251500 49651 777534.2
251747 45482 802203.5
215019 207980 684396.8
275041 296993 744932.6
204405 32372 769749.5
149893 181330 742925.0
63841 219753 777085.7
320390 106618 791300.6
226846 71730 749258.9
184524 185016 745458.2
29865 225915 737388.2
190790 21525 773863.1
188345 74842 758711.6
204685 23719 769325.3
233046 261191 692084.6
216150 22766 793244.0
112258 146149 684699.2
61015 93660 746308.7
224116 167967 783942.8
133560 172237 760893.2
16708 269166 720245.0
239744 262750 685436.0
270317 88316 743387.9
245368 160686 765655.1
65260 164251 712041.2
272566 160719 798995.3
49752 72830 683952.8
297528 281231 716105.3
209854 26273 754585.1
300027 3075 753607.7
99855 281453 684792.8
199382 30123 769685.3
254897 6952 779759.3
239811 19120 743242.1
79000 184591 780610.7
215643 2214 802175.6
272848 36368 796053.8
39249 293337 795363.5
271095 35811 763042.7
248605 37463 703154.9
169301 212376 798389.0
188059 69735 690500.3
246581 77019 767752.7
8341 244945 720512.3
225723 263740 712700.0
233024 198697 753644.0
65146 234056 773685.8
87096 191786 782430.8
237265 204313 715389.5
288244 95665 781665.8
105620 163737 740266.7
75790 16897 737421.8
238736 39232 780839.3
13025 70894 696334.4
550 13195 748679.3
45067 161127 686291.0
89951 8579 684279.5
105199 277376 755494.7
68928 28061 786086.6
231140 20025 742581.2
13926 193501 682367.3
173478 308146 720597.8
179196 256091 787349.3
96118 205688 760268.9
5110 44528 737994.8
162529 66612 713297.0
201481 257852 742337.0
91192 12428 698177.6
26502 240669 707400.2
40480 80778 794622.8
230911 33012 710785.4
3976 255883 760818.8
7555 209547 763473.8
180567 154566 722700.8
162982 190616 686353.1
161475 245044 774595.1
157071 317047 738569.0
167083 42494 682586.9
82376 304355 789178.1
36465 218786 748873.1
17083 231419 731167.4
25100 222277 712031.0
132423 157171 686836.4
232188 8337 780294.2
216795 57628 780309.2
197483 9414 730409.9
68498 166833 748874.9
204736 46649 748530.2
283701 85948 734156.9
321156 157191 705296.3
317102 140302 687758.3
280356 134391 705744.5
86835 91388 685536.8
46696 304960 801767.0
23377 178822 746066.3
149803 172543 713698.4
245943 18521 737795.0
235092 26740 690928.4
276836 100030 788373.5
74509 199960 740237.6
121632 170043 768728.6
119312 137055 716606.0
166118 26652 731163.2
37985 75433 720082.1
28314 59993 720842.0
96226 13740 694934.3
193886 94351 754303.7
66518 198502 785663.6
295980 44246 760316.9
3829 190965 723652.7
208000 48894 787184.3
98578 200734 698213.6
95718 41382 791018.0
260065 215829 721785.2
250595 28398 684695.9
251556 15666 749817.8
77354 254013 767697.2
292420 160622 792616.1
140664 181390 781658.3
254679 222337 705615.8
275885 294489 786614.6
31142 202947 780140.6
13189 64090 684529.7
147109 184524 685451.3
52036 195638 717889.4
121888 119860 685244.6
252298 263077 714818.3
18821 220533 688360.7
26240 208239 747834.5
3719 75356 740300.0
104380 293937 735238.1
215980 20952 796907.3
129068 115815 686593.7
270117 302666 733560.8
165742 220784 780936.2
73058 243308 769472.0
95786 304971 773238.5
18786 217709 691961.6
17092 61793 695349.2
12513 96056 694344.2
2985 292759 772584.8
17061 240185 751277.9
51027 210539 801356.9
102071 316664 781820.3
234507 190855 689555.3
161091 71568 731852.6
220284 73780 801817.7
59172 167424 687188.0
2805 93213 751225.4
202193 236495 738831.2
286973 100342 715890.5
198164 14534 686577.5
188850 54981 747821.6
146314 171716 736565.9
29519 59343 709184.6
68852 273032 788813.6
102872 71619 733913.0
87476 6064 691391.6
143747 78828 685367.9
68447 27233 778110.2
159497 109428 702936.5
126810 280792 750263.9
37245 260305 778334.3
251869 166297 706670.6
872 223100 783411.2
295214 102610 697766.6
217532 244996 737876.3
4909 273703 786478.1
176107 59231 779837.3
8075 39849 736155.5
203799 211226 699361.1
192047 234510 683656.7
19736 69302 728028.8
57055 169227 745512.2
71165 166637 736229.0
14688 254810 722309.9
262674 240296 685478.3
211426 64987 758785.4
105184 278476 724304.9
77049 195351 750029.0
14375 87666 762296.6
69650 146096 801697.1
26554 271054 774801.8
207334 44999 776176.7
23514 214888 697433.3
256799 265406 687706.7
53419 203840 756221.0
246365 67509 772403.0
279319 41281 748675.1
34109 201980 795747.8
12579 241067 787742.6
89073 49058 699881.9
101162 288066 727484.0
199995 61736 773591.9
188779 73891 793793.0
35203 259696 742444.7
64633 203357 764358.5
178760 311680 703475.0
160488 242785 756824.0
232152 216695 704777.9
55864 207140 772975.1
155950 182638 793907.0
204340 266686 768266.6
72363 32603 762241.7
164790 97806 706276.4
90794 5674 687688.1
32898 211670 687327.2
221959 194204 692814.5
126748 116798 735939.2
271620 14334 731220.5
6666 94449 684537.8
199776 30152 760342.7
178694 222291 776008.1
49895 221906 790655.9
15694 259521 788720.6
321206 108983 713803.7
213035 76348 767235.2
6129 207578 738137.6
275467 317816 744114.5
215356 208782 764896.1
193844 722 793619.3
25888 74072 781023.5
45557 104325 686707.4
11887 2069 710352.2
172147 151689 730513.1
196035 243176 730406.3
32755 51582 713346.8
144510 41601 787471.4
24668 159992 727267.4
171903 158334 761236.1
96070 54565 726173.9
60995 220196 779168.9
205269 279448 758161.1
279450 71513 732867.5
91003 285738 745366.4
38612 73724 686414.3
111936 125024 687041.3
8406 274988 752279.3
6843 76563 761791.4
32084 164897 749391.8
119167 151052 725389.7
294909 86398 725033.6
273847 54763 758623.1
60116 245390 773065.1
179377 308938 696620.0
268801 69011 698972.6
162569 2509 731307.2
73291 166088 725978.3
272937 305916 747810.8
33775 258917 717762.2
20766 236204 729385.4
54498 25154 690177.2
13049 232375 756704.9
190558 13523 747302.9
287801 98852 801250.7
229299 164752 790941.8
4712 297512 750754.7
94071 36514 789358.1
17623 259170 701981.6
186606 69593 728447.6
98401 304472 781633.4
67361 96645 756066.8
218742 189834 767476.4
53675 91345 729560.3
39163 7718 722989.1
317595 172431 768012.8
279980 19375 787919.9
18965 242648 730042.4
51180 277023 754531.1
193694 166082 684856.7
314463 144409 735220.1
242504 65696 774040.1
223863 251476 780750.5
175149 317543 784089.5
23933 61980 690681.2
51007 268097 748947.2
228853 54841 801192.5
62303 33221 771915.5
193865 5026 737096.3
50771 119372 747350.6
182021 69886 745685.9
52861 275478 695055.8
54747 27467 695893.1
148367 317236 693898.7
271599 296518 694104.8
271153 319476 775237.1
8894 88610 725082.8
22190 241437 729845.3
200088 58698 752658.2
210651 33786 688335.5
278378 149678 777932.3
18526 279729 794899.1
165604 234256 788156.0
190792 1925 786644.6
39501 250434 740747.6
189587 120227 700912.7
292349 280480 795503.3
91719 299800 698402.3
5032 207691 739955.3
7152 226949 769561.4
260399 196038 683458.7
195261 67165 752097.5
43479 18332 686439.5
10116 295713 783439.1
25718 182016 791426.3
169121 44222 716866.7
230028 66514 749211.2
165561 27506 736317.2
235493 20147 709644.2
104620 97804 785504.6
238868 9770 790449.8
207061 218790 690536.9
237737 2240 743768.0
4825 252925 783237.8
159484 159574 707356.1
263707 224742 729100.4
258635 21897 741920.9
211696 21065 700028.0
190183 93437 779559.8
69287 30265 785260.1
167556 221680 792642.5
14283 271073 693699.2
179040 16719 760578.8
51593 164702 695865.2
225604 21781 727105.1
193569 222008 690653.3
33429 97489 761885.3
71693 102333 772143.8
1811 247275 764227.7
86965 2846 698307.8
71560 168611 719005.4
175817 57407 794379.8
134354 111643 732687.8
127282 175626 768192.2
61323 162486 708718.1
22440 166318 697866.5
270939 280272 748498.7
59499 90877 741788.3
26633 263823 766137.8
32456 238525 727646.6
168056 230610 772279.1
260460 5417 762588.8
318861 151745 736326.2
196270 91073 705325.7
242035 67104 765109.4
74780 11104 739401.5
262563 214762 703321.4
75080 163824 757955.0
118302 150984 688082.0
199694 270448 766782.8
12929 95283 778238.3
62923 278383 743216.6
160557 65199 712265.6
279615 40249 729528.8
270237 316727 781345.4
4350 87524 706514.3
50322 199386 691403.0
139087 312534 745527.8
201776 29767 747563.6
155835 314368 794257.4
305545 303211 682252.7
27497 74993 684682.1
195475 33741 697228.7
230692 162823 792925.4
5061 250481 750350.9
64221 279697 688796.0
267402 278306 703236.8
32679 43580 732494.6
273575 9301 793280.9
88129 283478 797343.5
229882 50213 791997.8
263216 252148 720268.4
21098 192819 763895.6
165409 31485 750565.1
200103 46180 716000.6
218253 20494 800738.9
280363 313426 748717.4
220816 6958 768100.7
155190 75092 799370.6
40229 217374 773919.8
14318 1529 684804.8
230802 9790 763857.2
72872 199719 782937.2
178812 54440 768988.4
250400 1894 766039.4
137489 120292 709380.2
190763 265043 682849.7
203541 238627 728338.4
176163 76939 715950.5
32846 4976 730280.9
24869 44266 739720.4
199165 90114 696823.1
273608 41743 725291.3
78790 147646 747464.3
55937 202545 750101.6
36322 98658 714295.4
173274 32295 797761.1
13205 73860 773923.1
204162 265589 780856.4
205544 232490 748731.5
260201 66259 771332.9
36112 247459 683789.6
384 41942 771747.2
277941 143267 768495.2
111660 180278 801545.3
74696 268820 743105.9
227696 21605 719044.1
220319 169293 786474.2
120382 140751 732071.0
49285 20034 711593.0
197165 259650 794963.9
167533 38320 771996.2
49312 36879 731869.4
208249 31556 750916.4
55508 250042 797740.4
102771 161261 801955.7
71642 187174 765827.6
203458 248446 712260.2
301435 43333 796328.0
245964 165499 762884.6
162855 256186 768351.5
162990 59001 685353.8
164287 105728 801943.4
206515 224914 799586.9
308463 32541 780680.6
26316 215034 699383.0
320548 112237 746326.1
18619 229405 732659.6
131237 151021 686873.6
271229 316773 765189.2
64589 89679 727018.4
83881 286662 756521.3
198180 244948 719583.8
199153 51422 697253.9
144191 186275 748521.5
38056 76759 777325.7
22957 63268 735845.0
201822 219526 724365.2
243631 16831 745578.8
51905 35788 712895.6
77840 120037 760413.2
5027 29255 691486.4
31787 54387 709927.4
300459 95177 720034.7
39084 306934 783034.1
280310 50919 692107.7
24162 41027 746752.7
34933 240828 754325.9
27655 217871 782969.6
96849 296299 746319.8
223702 261376 711668.9
101055 275318 699278.3
176674 123903 767670.5
98196 200178 794167.7
296787 42592 732291.2
33713 248378 773694.2
25853 69712 783409.1
230618 201078 707579.3
26488 166773 719830.7
42869 292658 754845.2
39257 100971 777918.8
248183 36126 695523.2
144002 149159 684772.7
180084 183702 682980.8
161641 43860 707406.2
213490 3699 787064.6
221513 209637 711689.0
24455 192288 734570.3
318258 274170 688085.3
278266 103594 739544.9
20626 247812 747254.6
286491 96231 791495.6
285746 89163 780368.9
48021 103551 681987.8
200053 19419 790904.6
38994 225288 719646.5
271589 5972 693337.1
316491 149427 718524.5
182265 21029 801119.3
63926 27519 745016.9
192223 189949 710893.7
35376 210518 706121.3
23666 260426 699234.2
231493 11089 769101.5
241713 216104 692642.6
5501 240905 791012.9
119074 145183 683375.3
192810 15105 783074.6
150838 320790 694046.6
56920 198733 766649.0
19844 214636 733467.2
39889 103531 737601.2
20886 44698 770909.9
76611 38244 684670.1
65410 188077 745671.8
73797 177763 712697.9
24356 169206 710043.8
216291 250419 759968.3
151127 174823 730806.5
70005 183764 740890.7
93497 292332 745667.0
52647 190850 799042.4
42814 13839 685445.9
12874 218662 704875.4
114060 143687 714236.3
46777 33900 699670.4
95148 57189 732378.2
274538 123472 719081.3
93084 15817 708119.0
34914 179372 751423.7
60196 230545 771680.3
242627 209368 698858.3
206145 11554 756450.8
296198 3779 771983.6
175008 18080 752684.3
103414 162225 774590.9
175461 38086 796770.5
41847 35085 738748.7
6855 220589 767741.0
8249 101628 763580.0
16601 253859 714047.3
155134 189504 801353.6
157918 273621 781175.6
17359 208321 783530.3
312345 307159 719693.9
42060 51270 739627.7
1179 61640 751363.4
204883 32281 729732.8
19517 220576 686851.7
44030 35911 741474.5
240728 202981 718342.7
87552 16924 771787.7
161327 49712 712498.4
301529 268722 794192.6
128863 77444 728363.6
95595 102216 769359.2
55829 603 740228.0
157493 277366 722349.5
205690 250356 710102.9
242188 98539 773413.4
107457 122636 689854.4
