294617 271273 782920.8
43219 276175 767101.4
191810 12515 785585.8
117588 121208 764791.9
226612 167829 785082.2
33425 247112 776939.5
272443 134245 797703.5
220054 65735 778632.9
206961 18719 795965.0
119703 60876 787308.6
154110 171861 791179.4
29675 94802 794805.6
210808 263041 766488.0
24840 50839 776312.5
295925 47078 774434.6
200337 94751 771648.6
164061 65845 775974.2
146223 175907 783259.8
282441 161735 797542.0
209566 30557 789925.7
28556 56446 770088.9
28426 210189 787993.6
195795 248424 794290.6
117441 149891 771051.9
275279 99933 796826.1
93562 27651 797745.0
10908 104986 777149.9
66904 256238 797810.6
247248 10999 791624.7
270510 21319 786439.8
268320 286181 798721.1
176604 148131 772120.8
180862 25789 794646.8
134378 78780 780815.0
66386 267183 800745.7
30770 180300 795631.5
27013 48565 775955.3
209049 97128 793344.3
1149 55232 775636.0
42822 267988 770322.8
152933 112420 764260.1
195694 256278 788822.1
61994 102946 762938.9
280571 63716 764762.3
191936 19741 786158.2
228829 17056 776519.5
223232 227484 762377.4
97762 36430 796836.1
182482 148292 797265.3
206286 44588 799385.7
97103 44297 781005.7
200468 25775 791976.0
18739 87883 797589.4
194572 162353 764966.0
48878 2742 788957.5
123754 274524 775728.3
191009 89385 795577.8
253175 11629 790291.1
60783 169932 798238.4
272930 7047 783708.0
193380 29514 768502.2
29270 204253 779739.9
268360 319399 791225.4
22541 165880 768829.0
219339 199038 780094.5
247049 168726 784996.8
22326 243621 778968.4
58461 95477 775946.6
167742 56142 780805.6
140007 320480 771606.8
20156 244735 773447.1
286403 100984 769530.5
227124 66136 783841.2
90813 9233 768618.2
15537 253328 785113.4
283560 298983 781868.9
2335 161296 800417.4
203167 10392 771073.3
17255 936 783819.9
31296 239342 775637.4
17624 261084 791094.5
59501 224525 800165.8
151998 140608 763103.6
288644 88776 784477.2
35681 56858 776613.3
48190 198945 765600.1
194901 293601 797636.6
315520 140468 770995.3
17400 255643 765272.9
78048 317176 788428.9
103043 95000 770215.8
68224 178257 799934.3
230567 164695 797533.8
169298 71171 780049.4
89442 195637 764842.0
183800 188406 778407.3
61867 211058 795794.4
157333 108945 779186.5
197854 58780 778065.4
202362 36964 776450.9
237814 165697 799776.8
33147 251603 776981.6
216362 24640 793783.7
93849 251040 792836.0
177128 60233 799566.1
5386 270758 764967.4
47733 203871 776988.0
6400 205630 786025.8
228227 66613 788878.2
276502 3534 782802.1
89917 102029 795759.3
72939 17499 770492.6
32371 179402 766650.3
7754 101535 785648.5
237638 64554 801456.4
92070 19088 784978.2
165612 18494 784264.6
95597 22160 781096.5
277059 299859 797911.9
30518 195691 789126.0
213306 190726 767435.6
190953 1885 796901.3
131849 171438 801929.3
26558 60193 772931.7
39943 41001 764192.1
57359 38830 779317.4
100962 56497 795116.8
271616 26444 799902.0
222811 202029 775638.7
258745 13011 764596.7
4859 68681 771525.9
201807 60681 798161.0
1730 269170 797804.0
89858 19678 801184.1
120888 312926 783369.4
241669 169404 790318.8
162159 41628 790951.8
264640 217586 765280.0
188879 38823 767782.4
50846 293675 788963.5
63975 27028 779632.5
239986 37265 780601.2
201679 233951 773801.0
280012 13857 795284.5
30864 70019 793596.6
221065 67381 784563.1
18811 180015 793900.5
223540 64909 782467.2
39985 76141 782482.3
264158 32018 783632.8
45591 202816 782854.8
49329 242043 801296.9
15377 213551 779568.0
204779 45550 786627.2
9637 250078 796466.8
7248 205925 780717.1
34508 89515 767124.6
29777 64857 765540.8
250949 19881 781571.3
232399 17338 784745.8
238741 205381 773129.1
43864 104609 778556.9
167890 101862 801590.8
168032 210255 774214.9
313652 153324 768557.7
6615 38415 768378.0
204566 91023 791601.3
299826 60993 787067.1
237474 163515 801951.7
136577 184375 771664.1
200836 260919 770130.4
96887 55604 767254.9
203071 13554 774737.2
55933 165415 782580.0
217613 164148 798990.3
92142 270174 763116.4
39521 163699 793270.4
593 53056 782896.6
6533 77214 791554.3
312635 148729 781127.4
18973 104337 788787.0
243946 216151 772631.1
237986 196467 795618.5
35753 269554 794960.5
35638 225499 766364.3
9474 202219 767702.3
76285 20424 768560.6
197077 3418 764316.5
32662 69064 768877.8
184151 320359 794498.9
32688 46681 790931.5
22800 279266 783992.5
6197 248337 800874.3
319371 101506 790124.6
252731 16586 777814.8
205668 164433 765021.7
174611 30972 799641.3
302514 82109 783755.8
38348 46090 784454.4
44604 45242 782177.7
152480 156495 765606.9
206610 3351 774324.7
300814 90601 801276.1
20740 5443 771695.8
65449 94084 784258.2
195450 26046 779910.5
37263 231352 773810.7
319844 114790 801775.3
64464 226802 796427.5
24855 163964 777115.7
196198 257775 788385.9
296372 163541 787476.7
166546 222611 799693.6
94914 299902 778101.1
31922 49659 777300.7
276676 296411 792980.8
168640 56943 782950.6
202317 246469 764689.0
277048 51463 775854.0
216073 31121 793324.4
226893 64570 792594.1
159977 24944 772283.6
35044 60995 764643.6
47584 98253 767088.3
171807 60922 798377.5
101867 302929 766997.5
35175 260053 791394.4
92379 270398 767101.0
11905 237105 792581.1
1744 210746 771951.5
32436 208784 796957.5
297360 57172 788161.7
76183 105079 779014.1
11178 246363 790327.1
180302 131921 791913.0
13165 105628 777173.0
205731 14997 801386.7
33787 212890 774620.2
89302 202045 792221.9
4301 254502 796472.1
88933 290592 797240.7
312 50578 785293.1
209055 236467 765894.8
148752 148630 764997.0
199460 220231 784464.1
120715 135917 793543.6
105428 80524 788860.5
21395 222369 780182.1
203909 11039 776331.7
4484 218527 788698.0
191272 14641 793663.9
21331 220650 764591.4
16765 202925 787753.5
132997 145823 786474.8
27877 46868 778126.5
26595 185059 782190.8
32167 224688 772357.8
252510 225860 782205.0
198837 13924 768060.7
198935 52124 785235.9
261168 204822 769610.9
317294 117067 777465.5
87580 63813 802148.6
12386 62671 773215.5
34390 196608 763270.8
22350 271581 795974.7
267153 292933 784816.2
66183 220142 775520.5
211751 169382 799962.5
71929 200783 800303.1
276295 292807 795886.0
94837 280450 764773.2
25149 160547 777513.8
2226 4722 779632.3
265483 222411 779276.9
40562 315662 767356.9
183799 134648 769695.1
37265 232129 771875.6
250683 30687 778975.1
86163 41732 797469.2
299947 83745 801938.6
87921 163769 767392.0
243942 27074 787970.1
277841 156980 781597.0
102801 87430 775746.9
158895 179832 790914.9
41315 15013 785527.7
233303 56322 781639.8
70812 179388 775125.4
244056 19296 776621.9
571 220895 790519.9
56626 204408 792037.6
44714 75182 786805.4
7779 221329 787327.7
146127 174305 776614.0
39081 2979 786288.1
163071 50382 763632.0
167973 19654 778108.0
160251 271409 784042.4
256677 28975 764082.3
41427 66189 762381.0
144393 183943 772946.4
259416 17317 785996.3
102268 61377 778600.8
241564 66191 795654.3
47884 35651 775244.4
231879 11418 784967.1
66019 247754 796991.9
157545 41158 792715.1
63492 172415 789850.5
210731 161642 801329.5
197368 232535 792298.6
232625 34894 783027.8
3101 19974 768152.2
181401 187853 770899.1
296441 276359 792525.6
151099 126286 764033.2
233120 4022 794638.9
215161 225469 768498.1
43381 176727 775399.7
266105 224374 773484.8
163779 18596 767967.7
166905 254541 783193.6
56379 95959 775230.3
208432 190488 780397.3
200152 97335 799953.2
185054 155929 777939.6
65127 48 775506.0
223609 73744 795983.4
25206 224040 764169.9
260933 168738 778126.1
245522 210077 767228.9
31061 421 763470.7
210467 49334 799960.3
162670 200820 764107.5
52173 295085 797508.2
299266 95367 782415.7
191265 238866 770351.2
199873 66782 790777.5
270010 28833 795658.4
237282 11920 792516.8
157798 316794 766991.5
20575 189321 763085.7
168637 21194 793792.2
103003 90607 782046.8
90791 210117 769232.9
10413 201353 770478.3
18190 209448 791025.1
53149 32174 780034.4
68325 225017 767617.3
273524 145129 786052.0
185538 21256 784467.3
216287 30001 782260.1
268978 89105 772650.7
72040 202314 792943.0
260302 201612 780965.9
129944 177747 800465.0
11850 91891 769725.9
255441 22663 767665.4
235931 7201 798848.9
45806 296378 782740.8
65680 199124 782806.5
277868 132026 765438.0
103896 50766 772309.4
60606 96508 784373.2
275980 16402 801995.9
24954 231518 763658.5
188072 120088 795707.0
20063 274760 799644.8
156245 145775 785692.8
209369 64291 786090.9
245795 6341 795907.5
300550 87101 784875.2
53329 52198 767968.9
197339 218445 789597.6
186685 99217 790990.1
263805 19487 801172.9
232597 206687 772939.6
220974 53140 793916.9
220779 169267 795438.6
166810 228370 793465.2
201900 11632 772362.6
198243 33978 790552.2
269114 86394 794862.9
278924 62904 790913.3
160266 52454 775311.7
44339 279660 765807.5
220517 170772 791840.2
104188 66214 786506.8
180755 151636 796762.1
26728 48418 775378.7
166696 227760 786146.9
53117 27457 769254.1
270497 299555 763173.0
20098 245850 776823.3
93283 305222 789451.4
17952 247987 782074.8
200691 42356 794254.2
180786 318385 785430.4
201958 55974 781536.8
89912 11066 801401.8
76335 255749 783033.6
222184 59572 799777.0
15402 230954 778452.7
218735 161509 797542.0
233742 67010 780713.4
16493 182350 784180.1
1119 96967 797056.7
167561 21166 791191.6
104238 277061 783312.5
38368 226877 766294.4
160273 255293 789808.3
36456 161779 781943.8
50519 29111 783978.7
100385 293075 774629.3
34423 206793 772298.4
62664 22393 789115.5
191619 222431 769728.8
110087 147276 787153.7
161923 22452 762493.2
175305 73999 776257.4
318419 108093 772562.0
197553 26185 783352.4
42423 273935 774143.7
67366 280862 786420.7
185092 224503 801250.3
199229 270880 784927.3
65140 243217 799013.6
296671 3142 782681.4
75534 280173 794965.9
196641 46339 775015.1
38751 247161 778333.8
133009 172555 790909.8
80185 300911 775614.9
728 230588 790700.5
205936 232052 768648.6
67962 102665 798081.2
30836 45687 782389.0
203304 47935 783619.9
6269 240876 796640.8
198815 230755 793779.9
302055 84227 762877.8
13314 197956 768041.5
64675 297127 798962.9
310136 186511 792923.0
246812 195895 785626.3
56851 28894 779875.5
144769 120633 769779.4
41442 39445 787054.0
37164 235437 792890.4
145389 118101 763351.7
46952 197439 784233.9
212581 65525 785646.5
227068 24129 762199.1
32922 41846 771522.0
154461 187602 793724.7
8091 273314 796444.5
198594 258198 800766.3
281624 86019 762603.2
251500 49651 794003.4
251747 45482 802226.5
215019 207980 762957.6
275041 296993 783136.2
204405 32372 791408.5
149893 181330 782467.0
63841 219753 793853.9
320390 106618 798592.2
226846 71730 784578.3
184524 185016 783311.4
29865 225915 780621.4
190790 21525 792779.7
188345 74842 787729.2
204685 23719 791267.1
233046 261191 765520.2
216150 22766 799240.0
112258 146149 763058.4
61015 93660 783594.9
224116 167967 796139.6
133560 172237 788456.4
16708 269166 774907.0
239744 262750 763304.0
270317 88316 782621.3
245368 160686 790043.7
65260 164251 772172.4
272566 160719 801157.1
49752 72830 762809.6
297528 281231 773527.1
209854 26273 786353.7
300027 3075 786027.9
99855 281453 763089.6
199382 30123 791387.1
254897 6952 794745.1
239811 19120 782572.7
79000 184591 795028.9
215643 2214 802217.2
272848 36368 800176.6
39249 293337 799946.5
271095 35811 789172.9
248605 37463 769210.3
169301 212376 800955.0
188059 69735 764992.1
246581 77019 790742.9
8341 244945 774996.1
225723 263740 772392.0
233024 198697 786040.0
65146 234056 792720.6
87096 191786 795635.6
237265 204313 773288.5
288244 95665 795380.6
105620 163737 781580.9
75790 16897 780632.6
238736 39232 795105.1
13025 70894 766936.8
550 13195 784385.1
45067 161127 763589.0
89951 8579 762918.5
105199 277376 786656.9
68928 28061 796854.2
231140 20025 782352.4
13926 193501 762281.1
173478 308146 775024.6
179196 256091 797275.1
96118 205688 788248.3
5110 44528 780823.6
162529 66612 772591.0
201481 257852 782271.0
91192 12428 767551.2
26502 240669 770625.4
40480 80778 799699.6
230911 33012 771753.8
3976 255883 788431.6
7555 209547 789316.6
180567 154566 775725.6
162982 190616 763609.7
161475 245044 793023.7
157071 317047 781015.0
167083 42494 762354.3
82376 304355 797884.7
36465 218786 784449.7
17083 231419 778547.8
25100 222277 772169.0
132423 157171 763770.8
232188 8337 794923.4
216795 57628 794928.4
197483 9414 778295.3
68498 166833 784450.3
204736 46649 784335.4
283701 85948 779544.3
321156 157191 769924.1
317102 140302 764078.1
280356 134391 770073.5
86835 91388 763337.6
46696 304960 802081.0
23377 178822 783514.1
149803 172543 772724.8
245943 18521 780757.0
235092 26740 765134.8
276836 100030 797616.5
74509 199960 781571.2
121632 170043 791068.2
119312 137055 773694.0
166118 26652 778546.4
37985 75433 774852.7
28314 59993 775106.0
96226 13740 766470.1
193886 94351 786259.9
66518 198502 796713.2
295980 44246 788264.3
3829 190965 776042.9
208000 48894 797220.1
98578 200734 767563.2
95718 41382 798498.0
260065 215829 775420.4
250595 28398 763057.3
251556 15666 784764.6
77354 254013 790724.4
292420 160622 799030.7
140664 181390 795378.1
254679 222337 770030.6
275885 294489 797030.2
31142 202947 794872.2
13189 64090 763001.9
147109 184524 763309.1
52036 195638 774121.8
121888 119860 763240.2
252298 263077 773098.1
18821 220533 764278.9
26240 208239 784103.5
3719 75356 781592.0
104380 293937 779904.7
215980 20952 800461.1
129068 115815 763689.9
270117 302666 779345.6
165742 220784 795137.4
73058 243308 791316.0
95786 304971 792571.5
18786 217709 765479.2
17092 61793 766608.4
12513 96056 766273.4
2985 292759 792353.6
17061 240185 785251.3
51027 210539 801944.3
102071 316664 795432.1
234507 190855 764677.1
161091 71568 778776.2
220284 73780 802097.9
59172 167424 763888.0
2805 93213 785233.8
202193 236495 781102.4
286973 100342 773455.5
198164 14534 763684.5
188850 54981 784099.2
146314 171716 780347.3
29519 59343 771220.2
68852 273032 797763.2
102872 71619 779463.0
87476 6064 765289.2
143747 78828 763281.3
68447 27233 794195.4
159497 109428 769137.5
126810 280792 784913.3
37245 260305 794270.1
251869 166297 770382.2
872 223100 795962.4
295214 102610 767414.2
217532 244996 780784.1
4909 273703 796984.7
176107 59231 794771.1
8075 39849 780210.5
203799 211226 767945.7
192047 234510 762710.9
19736 69302 777501.6
57055 169227 783329.4
71165 166637 780235.0
14688 254810 775595.3
262674 240296 763318.1
211426 64987 787753.8
105184 278476 776260.3
77049 195351 784835.0
14375 87666 788924.2
69650 146096 802057.7
26554 271054 793092.6
207334 44999 793550.9
23514 214888 767303.1
256799 265406 764060.9
53419 203840 786899.0
246365 67509 792293.0
279319 41281 784383.7
34109 201980 800074.6
12579 241067 797406.2
89073 49058 768119.3
101162 288066 777320.0
199995 61736 792689.3
188779 73891 799423.0
35203 259696 782306.9
64633 203357 789611.5
178760 311680 769317.0
160488 242785 787100.0
232152 216695 769751.3
55864 207140 792483.7
155950 182638 799461.0
204340 266686 790914.2
72363 32603 788905.9
164790 97806 770250.8
90794 5674 764054.7
32898 211670 763934.4
221959 194204 765763.5
126748 116798 780138.4
271620 14334 778565.5
6666 94449 763004.6
199776 30152 788272.9
178694 222291 793494.7
49895 221906 798377.3
15694 259521 797732.2
321206 108983 772759.9
213035 76348 790570.4
6129 207578 780871.2
275467 317816 782863.5
215356 208782 789790.7
193844 722 799365.1
25888 74072 795166.5
45557 104325 763727.8
11887 2069 771609.4
172147 151689 778329.7
196035 243176 778294.1
32755 51582 772607.6
144510 41601 797315.8
24668 159992 777247.8
171903 158334 788570.7
96070 54565 776883.3
60995 220196 794548.3
205269 279448 787545.7
279450 71513 779114.5
91003 285738 783280.8
38612 73724 763630.1
111936 125024 763839.1
8406 274988 785585.1
6843 76563 788755.8
32084 164897 784622.6
119167 151052 776621.9
294909 86398 776503.2
273847 54763 787699.7
60116 245390 792513.7
179377 308938 767032.0
268801 69011 767816.2
162569 2509 778594.4
73291 166088 776818.1
272937 305916 784095.6
33775 258917 774079.4
20766 236204 777953.8
54498 25154 764884.4
13049 232375 787060.3
190558 13523 783926.3
287801 98852 801908.9
229299 164752 798472.6
4712 297512 785076.9
94071 36514 797944.7
17623 259170 768819.2
186606 69593 777641.2
98401 304472 795369.8
67361 96645 786847.6
218742 189834 790650.8
53675 91345 778012.1
39163 7718 775821.7
317595 172431 790829.6
279980 19375 797465.3
18965 242648 778172.8
51180 277023 786335.7
193694 166082 763110.9
314463 144409 779898.7
242504 65696 792838.7
223863 251476 795075.5
175149 317543 796188.5
23933 61980 765052.4
51007 268097 784474.4
228853 54841 801889.5
62303 33221 792130.5
193865 5026 780524.1
50771 119372 783942.2
182021 69886 783387.3
52861 275478 766510.6
54747 27467 766789.7
148367 317236 766124.9
271599 296518 766193.6
271153 319476 793237.7
8894 88610 776519.6
22190 241437 778107.1
200088 58698 785711.4
210651 33786 764270.5
278378 149678 794136.1
18526 279729 799791.7
165604 234256 797544.0
190792 1925 797040.2
39501 250434 781741.2
189587 120227 768462.9
292349 280480 799993.1
91719 299800 767626.1
5032 207691 781477.1
7152 226949 791345.8
260399 196038 762644.9
195261 67165 785524.5
43479 18332 763638.5
10116 295713 795971.7
25718 182016 798634.1
169121 44222 773780.9
230028 66514 784562.4
165561 27506 780264.4
235493 20147 771373.4
104620 97804 796660.2
238868 9770 798308.6
207061 218790 765004.3
237737 2240 782748.0
4825 252925 795904.6
159484 159574 770610.7
263707 224742 777858.8
258635 21897 782132.3
211696 21065 768168.0
190183 93437 794678.6
69287 30265 796578.7
167556 221680 799039.5
14283 271073 766058.4
179040 16719 788351.6
51593 164702 766780.4
225604 21781 777193.7
193569 222008 765043.1
33429 97489 788787.1
71693 102333 792206.6
1811 247275 789567.9
86965 2846 767594.6
71560 168611 774493.8
175817 57407 799618.6
134354 111643 779054.6
127282 175626 790889.4
61323 162486 771064.7
22440 166318 767447.5
270939 280272 784324.9
59499 90877 782088.1
26633 263823 790204.6
32456 238525 777374.2
168056 230610 792251.7
260460 5417 789021.6
318861 151745 780267.4
196270 91073 769933.9
242035 67104 789861.8
74780 11104 781292.5
262563 214762 769265.8
75080 163824 787477.0
118302 150984 764186.0
199694 270448 790419.6
12929 95283 794238.1
62923 278383 782564.2
160557 65199 772247.2
279615 40249 778001.6
270237 316727 795273.8
4350 87524 770330.1
50322 199386 765293.0
139087 312534 783334.6
201776 29767 784013.2
155835 314368 799577.8
305545 303211 762242.9
27497 74993 763052.7
195475 33741 767234.9
230692 162823 799133.8
5061 250481 784942.3
64221 279697 764424.0
267402 278306 769237.6
32679 43580 778990.2
273575 9301 799252.3
88129 283478 800606.5
229882 50213 798824.6
263216 252148 774914.8
21098 192819 789457.2
165409 31485 785013.7
200103 46180 773492.2
218253 20494 801738.3
280363 313426 784397.8
220816 6958 790858.9
155190 75092 801282.2
40229 217374 792798.6
14318 1529 763093.6
230802 9790 789444.4
72872 199719 795804.4
178812 54440 791154.8
250400 1894 790171.8
137489 120292 771285.4
190763 265043 762441.9
203541 238627 777604.8
176163 76939 773475.5
32846 4976 778252.3
24869 44266 781398.8
199165 90114 767099.7
273608 41743 776589.1
78790 147646 783980.1
55937 202545 784859.2
36322 98658 772923.8
173274 32295 800745.7
13205 73860 792799.7
204162 265589 795110.8
205544 232490 784402.5
260201 66259 791936.3
36112 247459 762755.2
384 41942 792074.4
277941 143267 790990.4
111660 180278 802007.1
74696 268820 782527.3
227696 21605 774506.7
220319 169293 796983.4
120382 140751 778849.0
49285 20034 772023.0
197165 259650 799813.3
167533 38320 792157.4
49312 36879 778781.8
208249 31556 785130.8
55508 250042 800738.8
102771 161261 802143.9
71642 187174 790101.2
203458 248446 772245.4
301435 43333 800268.0
245964 165499 789120.2
162855 256186 790942.5
162990 59001 763276.6
164287 105728 802139.8
206515 224914 801354.3
308463 32541 795052.2
26316 215034 767953.0
320548 112237 783600.7
18619 229405 779045.2
131237 151021 763783.2
271229 316773 789888.4
64589 89679 777164.8
83881 286662 786999.1
198180 244948 774686.6
199153 51422 767243.3
144191 186275 784332.5
38056 76759 793933.9
22957 63268 780107.0
201822 219526 776280.4
243631 16831 783351.6
51905 35788 772457.2
77840 120037 788296.4
5027 29255 765320.8
31787 54387 771467.8
300459 95177 774836.9
39084 306934 795836.7
280310 50919 765527.9
24162 41027 783742.9
34933 240828 786267.3
27655 217871 795815.2
96849 296299 783598.6
223702 261376 772048.3
101055 275318 767918.1
176674 123903 790715.5
98196 200178 799547.9
296787 42592 778922.4
33713 248378 792723.4
25853 69712 795961.7
230618 201078 770685.1
26488 166773 774768.9
42869 292658 786440.4
39257 100971 794131.6
248183 36126 766666.4
144002 149159 763082.9
180084 183702 762485.6
161641 43860 770627.4
213490 3699 797180.2
221513 209637 772055.0
24455 192288 779682.1
318258 274170 764187.1
278266 103594 781340.3
20626 247812 783910.2
286491 96231 798657.2
285746 89163 794948.3
48021 103551 762154.6
200053 19419 798460.2
38994 225288 774707.5
271589 5972 765937.7
316491 149427 774333.5
182265 21029 801865.1
63926 27519 783164.3
192223 189949 771789.9
35376 210518 770199.1
23666 260426 767903.4
231493 11089 791192.5
241713 216104 765706.2
5501 240905 798496.3
119074 145183 762617.1
192810 15105 795850.2
150838 320790 766174.2
56920 198733 790375.0
19844 214636 779314.4
39889 103531 780692.4
20886 44698 791795.3
76611 38244 763048.7
65410 188077 783382.6
73797 177763 772391.3
24356 169206 771506.6
216291 250419 788148.1
151127 174823 778427.5
70005 183764 781788.9
93497 292332 783381.0
52647 190850 801172.8
42814 13839 763307.3
12874 218662 769783.8
114060 143687 772904.1
46777 33900 768048.8
95148 57189 778951.4
274538 123472 774519.1
93084 15817 770865.0
34914 179372 785299.9
60196 230545 792052.1
242627 209368 767778.1
206145 11554 786975.6
296198 3779 792153.2
175008 18080 785720.1
103414 162225 793022.3
175461 38086 800415.5
41847 35085 781074.9
6855 220589 790739.0
8249 101628 789352.0
16601 253859 772841.1
155134 189504 801943.2
157918 273621 795217.2
17359 208321 796002.1
312345 307159 774723.3
42060 51270 781367.9
1179 61640 785279.8
204883 32281 778069.6
19517 220576 763775.9
44030 35911 781983.5
240728 202981 774272.9
87552 16924 792087.9
161327 49712 772324.8
301529 268722 799556.2
128863 77444 777613.2
95595 102216 791278.4
55829 603 781568.0
157493 277366 775608.5
205690 250356 771526.3
242188 98539 792629.8
107457 122636 764776.8
