178753 127697 424773.5
35049 215015 430547.0
26472 211461 440115.0
360342 366847 499093.5
256694 250761 398020.5
267373 264611 453591.5
220197 62221 478247.0
215158 14945 415609.5
303637 380185 439181.5
106051 55507 492520.0
260026 250847 450624.5
164302 125558 419070.0
35013 217692 413211.5
52807 62945 490411.0
416528 7221 456385.5
155089 146176 410974.5
139653 137686 432024.5
63962 10697 398503.0
35130 229932 454046.0
220638 229872 391668.5
216146 23059 390285.5
111512 60723 454847.0
70906 341654 430747.0
232025 30795 454626.5
108899 5738 412029.5
23578 115203 417148.5
161348 162084 399956.5
8027 109955 433551.0
31401 121990 428819.0
231308 417348 503841.5
159842 163207 471696.0
227519 207296 435683.0
5286 427622 418226.5
349348 287272 514954.0
230252 231930 405868.5
267674 3303 499414.0
124458 141012 492585.5
218302 75641 486107.5
427587 22373 518214.5
20335 23791 390794.5
107108 427223 488542.0
424694 52653 517820.0
55112 229827 415807.0
221319 75907 424755.0
223049 56665 492731.0
259381 266420 486114.0
85927 82105 427016.5
110961 7964 472868.5
38321 4195 446599.5
160026 368194 511674.5
198251 79232 513453.0
59684 52960 393256.5
55131 222913 488561.5
60016 267501 448387.0
214012 23361 404656.5
129127 132120 489287.0
218152 417239 502921.0
215815 182301 497984.0
34208 115712 412770.5
231664 3523 415323.0
211103 75214 491274.5
205860 6359 458394.0
123922 16614 504383.5
406903 152622 515273.5
337474 320413 479467.0
217397 21283 428739.0
258716 269012 394601.5
33438 427641 500013.5
228076 125206 504257.0
414278 267347 470003.5
65479 109871 484283.5
180266 174890 399074.5
105062 65646 464808.0
210171 56878 420136.0
231302 226977 407892.0
209128 11821 446206.5
374307 174289 509115.5
122049 26434 443338.0
211839 206110 454777.5
107327 54602 519293.0
122310 97433 395269.0
206082 22479 445580.5
171977 177015 516134.5
108437 209709 414974.0
239284 67863 451360.5
12718 222066 413608.0
937 2962 422446.5
61376 110218 417201.0
20320 209502 484698.0
224579 427423 504352.5
350383 351043 418844.0
178904 180093 437847.5
231012 223809 402867.0
34123 220400 450801.0
327381 284299 518694.5
63147 98136 415175.0
231905 108383 398417.5
14300 231952 468213.5
40722 43703 509497.5
94982 317785 493551.0
32771 103699 391813.5
145582 405167 447471.5
95015 94073 509621.0
162754 151020 399729.5
262868 421123 471158.0
413879 10953 511411.0
12890 414292 492881.0
62545 23077 452872.0
214807 33660 443824.5
220675 39268 468286.5
184939 186138 476483.5
106193 66025 467585.5
137419 405149 457112.5
8265 36987 444812.5
118679 7438 411225.0
34480 217860 442588.5
230802 428245 419077.5
153947 142804 406964.0
170911 169999 502447.5
161473 404030 418006.0
212299 52049 490183.0
223601 9300 442777.5
22430 57395 507057.5
428330 415354 468688.5
100380 207330 418631.5
314801 317288 406244.5
93941 95580 501447.0
120130 223466 428805.0
12738 225880 435448.0
217879 55906 458265.5
28502 210282 449477.0
51975 213178 471757.5
359693 366121 439261.5
8870 418901 470873.0
209348 33266 455038.0
214156 122745 455329.0
160879 136866 479249.5
57351 108290 506145.0
338278 317746 507577.5
271281 425524 483565.0
66251 102179 498200.5
255895 62151 519260.0
4700 415443 449360.5
151132 141987 452426.5
24674 228883 458327.0
55689 4455 450499.5
107514 55590 496365.0
97746 228138 411470.0
31311 224362 428753.0
34198 222264 436761.5
9691 219267 418955.0
123260 209929 465630.0
8561 28431 409595.5
29340 61136 477019.5
67062 169875 452906.0
149658 145753 396306.5
60387 931 419614.5
8102 23266 475014.5
182002 230557 436917.0
114344 30804 468457.0
402908 161851 513569.5
290598 293393 421737.0
57919 22480 506769.5
5222 25940 397234.5
3936 32900 457914.5
125167 104668 502818.0
209796 10014 398464.5
348749 346057 405121.0
224648 30457 406556.5
120785 106392 462776.5
312363 312187 475686.0
2638 23784 465967.5
64710 265511 487875.5
230933 211321 413897.0
57722 107077 500946.5
101454 118340 507100.0
102591 59565 452546.5
104649 66032 424133.5
205898 107839 511204.5
13499 123113 496655.0
115696 36508 428555.5
11819 224432 468936.5
208111 98840 478663.5
211959 34197 514415.5
60247 107066 454403.0
83843 85064 451850.5
430361 422199 400689.5
36811 207803 492445.5
335141 336749 460797.5
158418 162024 465091.0
271332 63849 446494.0
74711 101141 469381.0
380968 387927 412476.0
35323 5015 415188.5
217032 14504 439498.0
66928 345251 477894.0
408629 329940 452937.0
56402 266850 452484.5
167534 88293 461181.0
267198 427256 434256.0
24964 64072 506646.5
32832 217106 432461.5
30163 122316 405693.0
59297 217434 430476.5
35235 134046 517414.5
16909 33905 451891.5
262469 267090 481111.5
121744 28932 438894.5
418446 8976 444069.0
239521 67523 447801.5
136547 27657 469285.0
207691 213211 477086.5
229777 32263 454516.0
8529 413927 505813.0
8606 52472 475995.5
14938 57018 406198.5
213595 30281 501779.5
227358 12155 513038.5
151795 405663 489654.0
114964 118344 418998.5
45503 47124 500534.5
110587 98560 393860.0
126604 176674 426235.5
10202 55587 460855.5
27331 226724 459424.5
23229 116820 471622.5
215879 118131 480816.5
230253 4138 517300.0
28644 6253 424965.0
103132 11136 430499.5
227013 208504 412629.5
230515 51113 477991.5
9293 214461 449719.5
101711 225602 415670.5
230633 123877 467818.5
65438 14006 472804.0
2210 32289 433481.0
226481 58976 417753.0
8810 415531 433378.5
116148 122898 399392.0
57261 108496 516312.0
32739 230961 419164.0
114260 110060 402425.5
214313 206592 497615.5
21410 115231 500949.5
218673 115601 471980.0
32668 220031 449621.0
54825 212069 398465.5
35254 228612 417931.0
231999 124914 473244.0
15008 58941 480552.5
62345 11947 437947.5
158773 144355 429878.5
65910 267583 439943.5
427757 59316 454765.5
45948 47443 457600.0
257618 412888 399534.0
75028 104122 448712.0
53795 62032 458949.0
75035 216840 448997.5
200300 200036 441594.5
5883 24127 417957.0
6037 51460 489211.0
282339 133087 401058.5
100010 227823 405369.0
269211 254547 514372.0
218390 28037 458378.0
417214 111500 499254.5
119067 213576 466403.5
223168 39553 426012.5
99488 230620 394555.5
206301 106466 458887.5
97574 64008 489017.0
273878 423698 453163.5
207958 33766 488744.0
258149 51358 398652.0
225145 99477 401416.0
36732 210332 420637.0
124619 208001 465140.0
266351 54665 459742.5
123924 217650 473336.0
28858 60811 503392.5
36699 209040 463269.0
229866 213055 466648.0
15715 429700 495926.5
170463 158179 460675.0
15985 34900 460434.0
221104 14969 423674.0
229420 25935 485351.5
241178 241044 419733.5
180497 176696 447037.0
120638 103145 403516.0
15843 36547 514391.0
149615 402949 427885.0
143723 126038 444128.5
116026 219922 456175.5
68095 343790 398235.0
113737 120810 509952.5
27579 13995 463548.5
427014 11148 455364.5
263374 64232 462465.5
170807 370183 484791.5
116577 228560 508730.0
202907 249691 425217.0
62648 15656 458175.0
226098 64436 453084.5
414491 12098 451743.5
12026 115301 433961.5
151146 114456 450443.5
58270 53007 421524.5
293226 301064 481705.0
237262 233705 450289.5
205979 118780 517085.5
163579 145798 486871.0
26320 115230 509478.0
217393 122250 520091.5
38547 211225 486301.5
36655 231179 428406.5
223197 14931 424134.5
99280 65899 474263.0
59580 63012 463183.0
415844 267544 416923.0
212077 35689 468611.0
11490 39539 471519.0
207275 38431 408776.5
63311 211443 503214.5
14311 220479 409392.5
51663 4734 475465.5
8015 30100 407931.5
2627 215552 410693.5
133380 29987 515079.5
11345 414068 500275.0
378450 379585 465374.5
97510 32426 410243.5
151128 141728 443697.0
74361 347443 508486.0
20490 32330 413341.0
134341 123117 459593.5
12080 223983 428398.5
37919 126221 461468.0
413482 422621 398850.0
15964 3033 510693.5
263737 250642 512188.5
66154 412024 406324.5
9664 231079 409781.0
271892 59184 511453.0
137251 143588 457607.5
210056 6851 466981.0
57585 216926 460912.5
13635 417135 407332.0
42953 245299 397285.0
427904 106097 513560.0
222754 122887 395008.0
218280 74856 437657.0
404594 158158 496329.0
212410 220050 494891.0
224706 206227 426043.0
117211 30046 449046.5
20225 224117 434290.5
410513 330653 478524.0
123347 7807 409561.0
225297 23122 464232.0
181689 63552 418747.0
214129 39059 407046.0
100566 74128 517100.5
205556 74511 472514.0
123792 98416 515921.5
118622 36666 395089.0
270706 63078 464174.5
105261 11957 403509.5
27030 114967 395801.5
22040 11082 480295.5
59532 217850 402377.0
219415 114819 430509.0
207485 37055 476284.0
136314 135086 401860.5
289627 286847 447417.5
160250 142560 444453.0
271419 51173 463701.0
57351 21597 510335.0
212777 223844 428122.0
64046 103432 483620.0
427827 218088 509993.0
170081 171179 394062.5
416155 422558 444768.5
151084 143261 468367.5
230940 114649 442054.5
159411 168072 510155.0
60831 26163 456851.5
180927 98498 497032.5
39207 105305 411230.0
61512 51627 402167.5
214358 116132 508540.0
227684 110410 417448.0
35353 20329 398530.0
144878 406356 505700.5
223656 37152 415786.0
272846 258332 510035.0
57465 416714 443310.0
105311 5045 415036.0
3733 221416 436495.5
33045 212835 469516.5
99614 63164 414908.5
395083 394750 406165.0
119722 113621 438375.0
86289 82276 485561.0
163740 135778 449604.0
25028 216382 426060.5
130788 402191 507208.5
101994 10761 412530.0
269255 426948 470585.0
216247 181742 474951.0
5711 26342 417007.5
100211 133202 496737.5
37081 213815 449028.0
15277 1776 476378.0
11833 427081 450883.0
122459 122878 419909.5
344196 68499 489020.0
32396 221265 402885.0
115448 20687 482006.0
102301 11433 390352.5
161908 123862 517391.5
126263 122847 517738.5
414882 425809 503172.5
114737 12241 474573.5
7610 225318 409022.5
162141 407183 483300.0
220091 37534 403468.5
118799 3985 459152.5
46837 358955 518393.5
99333 227937 430558.5
12163 22331 391537.5
227149 224519 404863.0
271822 427172 432125.5
59532 23341 487540.5
6549 109814 398159.0
167521 362487 513603.5
62084 104082 433920.5
54692 14099 406751.0
271609 254559 480712.0
108763 211226 410372.5
109625 3050 435445.5
43237 40000 513840.5
333553 336417 396905.5
12695 227540 429778.0
11246 22369 502274.5
158177 141553 395090.5
213161 56478 423216.0
164419 163962 399051.5
152898 406416 516417.0
75049 214903 429301.0
114853 106585 482361.0
410236 433470 492821.5
14568 118516 419186.0
229943 35367 426786.5
340918 401699 518452.5
150870 148193 407606.5
261533 52516 494566.0
156350 117586 481178.0
110486 57702 500487.0
3893 229802 458030.5
63847 415263 434114.5
405150 160693 511798.5
61532 258390 446405.0
107503 206518 502929.0
15251 61504 448656.0
258191 254612 421545.0
9215 119145 425405.0
346104 171602 514593.0
186311 185428 479206.0
212479 39095 464787.0
178849 127567 481460.0
10726 62018 404339.0
4716 57388 395303.0
104181 13711 410821.0
212192 32665 473507.0
429167 428948 492612.5
227956 64044 444930.5
121901 98099 446326.0
1755 35670 470402.5
405074 139999 482913.0
211306 28842 472648.0
153704 164534 437391.5
38312 15316 483004.0
169254 362783 494441.5
404730 153085 443996.5
163938 114377 492195.5
214537 52297 519140.5
65562 415162 485799.0
361899 370570 463622.0
222860 57801 460326.5
427818 106002 496739.5
225541 212995 416476.5
54076 52547 512176.5
268345 255378 409645.0
227026 73416 395599.5
259860 271344 470301.5
53647 64094 457708.5
230143 51240 431629.0
137778 147577 404537.0
60507 102848 430329.0
206102 21112 509165.5
143459 114986 420057.0
228197 37357 413792.5
59999 25506 466480.5
222143 56634 495039.0
65475 54272 414421.0
23682 12528 415741.0
205605 109282 392914.5
218933 23544 395208.0
84096 85797 435903.5
268332 425242 451653.5
415503 8655 395437.0
117557 119464 465792.0
66809 165297 433851.5
23368 3850 415506.5
219780 348464 404466.5
8430 30810 455450.0
26597 59964 514466.0
403660 137089 402731.0
23298 120581 409794.0
135856 121176 509763.5
47193 46754 443960.5
110353 29397 408937.0
36525 224479 407365.0
52118 9572 509473.5
106121 63305 518183.0
126037 25640 414028.5
12149 23665 425960.0
11047 62185 477335.0
232054 59059 477471.0
225631 35830 416207.0
53779 218839 511788.5
229382 28930 423368.0
61898 226068 514927.0
179969 180230 490866.0
209275 8706 397344.5
5003 58559 393407.5
25240 3144 406410.5
222024 2146 461558.5
101388 228786 390286.5
105930 427615 480636.5
31582 230344 434741.0
264718 273105 485096.5
11301 22384 500404.5
107209 117131 454341.0
268464 421834 517207.0
2947 22449 436189.5
209040 231443 459839.5
2831 28242 507056.5
267504 56145 414442.5
213237 25950 426352.5
146544 123796 505718.0
26670 6156 409298.0
219576 30851 458672.5
60032 29545 492143.5
51590 53866 494404.0
62860 258191 505039.0
51112 227737 494861.0
55250 3441 398974.0
54695 14618 404518.0
24060 15171 409125.0
230434 23960 425600.5
141001 141284 497778.0
268698 267010 481715.5
257929 65220 473701.5
205837 208819 499908.0
51912 270469 409941.0
269523 54616 484348.5
209762 64402 509176.0
428354 417102 490753.0
59390 99972 420446.0
404728 157706 471715.5
149245 406171 511687.5
35545 11319 516897.5
116817 225080 514261.0
217118 427423 419495.5
402 97366 414810.5
118799 124442 461264.0
228645 218282 397514.0
223308 114872 494203.0
236001 236790 516187.5
102455 125972 462723.5
8663 223062 414681.5
23924 13062 447951.5
13945 50854 490016.5
206932 60942 509898.5
428018 422514 391171.5
13495 418868 440937.5
10890 228760 513203.5
20306 213414 505051.5
1569 101415 482890.0
119310 13900 441746.0
242331 239981 407211.0
416120 99835 489961.0
418089 9975 433252.5
8915 54454 464451.5
56091 14415 485440.0
123247 12117 428923.5
11801 38365 404250.0
10357 221440 422171.5
39688 4346 413821.5
267105 427151 462783.5
8332 54450 463499.5
37999 122357 401768.0
35836 61025 490418.5
403051 139792 480358.0
5242 36946 445659.0
62376 417612 425554.5
425012 423884 472657.5
133216 24525 501342.5
32904 227180 465490.0
7584 38749 492095.0
30100 118580 399923.0
206767 7232 431703.0
256111 267435 461275.0
229388 124703 496086.5
222107 225855 425623.5
228245 32469 405175.0
427164 266740 467028.5
115793 103582 484720.5
137979 154246 488012.0
123820 119914 503569.5
66251 101482 485382.5
125736 21688 496946.5
424576 261774 490480.0
116464 38947 511011.0
418375 59067 484493.0
51535 10858 494733.5
105912 54687 499726.5
108674 213854 402971.5
53828 51037 512253.0
94580 93843 459459.5
51064 427463 467631.0
90379 368773 441096.5
158359 170416 512177.5
263112 419875 467100.5
222296 113694 505383.5
219902 13790 494304.0
99380 228211 418218.0
31054 2674 479691.0
417523 423163 459717.0
220260 211849 403584.0
4478 57866 390917.0
55735 16617 457627.5
231600 22780 456889.5
38158 224787 407572.0
15728 108254 414989.5
214614 59360 431786.5
212846 1363 421994.5
217373 119001 409004.5
214184 58347 397227.5
230662 3800 435162.5
228104 38325 414877.0
173659 351905 481815.0
229536 7365 402515.0
211355 24977 436625.0
61431 100834 426804.5
214286 119260 464223.0
31928 60857 486178.5
223005 66135 430943.5
144908 148120 453837.5
210825 36308 477537.5
225893 52159 431177.5
31760 8885 414852.5
27305 115400 399092.5
101722 122987 416975.5
224048 110134 476045.0
216550 24201 404498.5
62904 100404 514639.0
209965 11877 442340.0
15350 102717 403712.0
363813 142664 481164.5
220815 60868 397615.5
56245 258012 445033.0
135313 119859 501348.5
228484 111588 396528.0
170429 142528 436156.5
118935 21573 416517.5
133119 29056 456257.5
319018 339279 517700.0
28631 6422 427980.0
224312 7461 422471.5
290994 172531 501795.5
52771 214228 495407.0
102690 205910 497055.0
170627 166089 391672.5
13230 418180 460570.0
214711 427213 455135.0
99180 75063 450288.0
16654 28167 511431.5
62734 231042 436571.0
212536 32314 463925.0
23026 13949 459767.0
111670 218023 422747.5
54150 205647 424566.0
14943 35223 469756.5
5288 25394 409230.5
30372 118555 399968.0
59083 99572 493736.5
100492 227939 427424.0
52495 429684 518893.5
18104 84065 462257.0
169877 344464 514970.0
428823 260278 498875.0
29264 122780 431456.0
118852 218914 396750.0
226377 120883 459749.0
62044 101442 502360.0
226721 104859 464300.0
223659 12032 466535.0
776 25405 473314.5
299965 291823 491556.0
54757 8688 459418.5
369870 370910 491672.0
37799 7535 428975.0
28918 220187 392260.5
213069 25528 399728.0
3662 37925 493031.5
104493 119778 454756.0
8888 123281 456035.5
110983 224644 488437.0
56912 14145 399485.5
415236 57393 494970.0
51380 50667 495822.5
136964 105162 516646.0
154054 407924 463048.5
12936 5797 502683.5
137765 152402 460322.0
25153 230248 482388.5
415948 62140 400898.5
36233 8210 400752.0
111465 104461 488389.0
158462 149164 404252.0
116052 24324 449132.5
222101 58459 464705.5
150445 143206 440093.5
150972 145811 444430.5
3026 223730 500166.0
228753 181212 501171.5
364985 372014 493496.0
384041 385033 412038.0
61900 10827 461152.0
13710 55887 454511.0
403735 163483 481432.0
26788 206086 474123.0
28072 97840 390868.5
10063 58764 419948.0
119579 122393 494416.5
31545 418398 496720.5
259010 422748 462194.0
227318 213906 405431.0
23817 134731 439737.5
11552 223447 496217.5
224572 13477 479902.5
361460 155655 515594.5
30344 10697 426988.5
220868 2377 442533.5
152752 142256 505298.5
66467 14165 447213.0
35448 117435 458797.5
50664 36329 519897.0
31279 11124 458732.0
224193 29411 510115.0
123281 7107 437148.0
110154 417184 469271.5
182195 58008 512077.5
26135 60212 499577.0
212669 181347 515185.0
267195 270658 425218.5
57041 12830 504912.0
259920 428519 463474.0
145963 407105 400078.5
206438 107870 513909.5
132892 24223 496564.5
107756 116749 447946.5
124143 122308 447160.0
28022 211678 464823.0
13790 429508 422541.0
417883 110447 439210.0
30881 210416 435006.5
397230 398191 401683.5
118150 108153 447890.5
209753 52937 505460.0
59039 259390 431367.5
404306 143239 469163.0
58282 64742 396707.5
211573 417489 462882.0
214818 12194 418040.0
4298 427306 399121.5
325764 91824 406045.0
230613 10431 444231.0
104669 33614 446898.5
118219 21653 390792.0
259072 265245 482983.5
254456 267669 476065.5
54782 216740 456908.0
118543 4532 449805.5
74063 231179 490305.5
8264 108878 407320.0
228487 39144 476498.5
97550 417799 478478.5
430309 266814 467761.0
218316 59657 410597.0
209427 16386 423018.5
115726 123834 402435.0
231893 108701 410881.5
125101 226826 410315.5
416250 15942 487047.0
418451 7458 481209.5
64038 11156 410704.5
313979 314044 404372.5
50984 59412 423925.0
56313 102985 475445.0
231722 12175 496658.0
269347 412840 449826.5
164716 143457 397130.5
55269 98879 460646.5
98650 33335 411041.0
13694 122681 489529.5
258965 421795 448833.0
38735 224848 423932.0
28758 8601 452866.5
416638 419574 519464.0
221173 118850 390795.0
266633 65436 427341.5
63527 7635 477621.0
208317 23299 449624.5
216007 58039 410607.5
56107 9551 483876.0
429788 263604 465900.5
54076 51995 505715.0
221920 118221 435967.5
417170 252422 489174.5
146097 115142 473271.0
104447 60751 408457.5
424047 262044 447096.0
51488 415858 391485.0
209489 61181 490354.0
272081 269280 412181.0
206186 225646 444141.0
337001 334306 405203.5
135141 25202 494178.5
249863 251145 506950.5
267220 54021 496023.5
8446 226063 403274.5
44931 47564 470445.0
16751 57842 455209.0
389688 19206 517345.0
373322 142578 462700.0
418303 415721 447663.5
141730 167468 473479.5
180234 174327 497076.5
29410 2788 514504.0
4683 416088 514863.0
230729 8548 413648.0
224432 7734 392164.5
33258 7697 424644.0
223496 124638 411453.5
231052 28099 471809.0
270867 53000 511311.5
144656 164923 456222.0
106611 417380 464183.5
121380 24433 393596.5
31449 218587 430264.5
427484 13212 445534.5
122704 98486 398999.5
13364 51914 482422.0
501 329870 492876.0
214061 73675 517434.0
52181 10744 478933.0
155021 164438 418147.5
119328 97392 390364.5
117046 102052 490547.5
116067 105058 470384.0
26331 4172 414509.5
162188 149088 416318.0
102766 114325 461552.0
430458 105882 491745.5
155801 404770 444994.0
220308 427455 473336.5
431216 432071 396912.5
22121 11043 471674.5
415713 415913 513403.0
243819 244375 504133.5
404350 149457 519434.0
359890 371799 494808.0
118992 207658 468272.0
37617 65678 494081.5
1828 960 459303.0
360049 364014 519006.0
111676 418216 486586.0
11365 22624 473671.0
125050 212522 474326.5
125851 57027 518573.0
121831 15295 425418.5
61791 98927 479838.0
42545 303851 418012.5
224930 9208 443378.0
33982 205545 492404.5
117523 38747 497151.0
62740 215209 457580.5
403074 145438 453170.0
232072 75088 452646.0
61919 230345 492143.5
15411 222761 417734.5
23326 5233 413682.0
402841 226295 461783.5
37278 5879 439340.5
130343 398514 501350.0
118416 214700 519588.5
7404 64808 518394.5
117873 32164 470274.0
139682 161915 464600.0
107142 57956 504770.5
59386 221414 492619.5
98960 231646 491647.5
5610 30427 418514.5
149390 140321 403545.5
417665 110377 463707.5
103577 61080 413973.0
99331 64660 478867.5
223937 182303 518346.0
55297 222995 496833.5
230451 73299 494316.5
142778 403195 496322.5
24888 13118 459873.0
108737 8233 402622.0
124541 115787 511611.0
58950 266805 422884.0
193385 195168 479021.0
212329 53110 437912.0
224896 213482 414228.5
9260 228116 455120.5
4073 218947 414771.0
146375 136004 505162.5
33499 23728 395362.5
215337 114831 476377.5
37735 212502 426548.5
220213 74381 451694.5
294706 299745 402560.5
123573 99433 413002.5
341104 342947 452911.5
126132 108384 447330.5
104947 55115 497251.0
114977 108098 461522.0
215303 27927 432632.0
219329 181534 491191.0
1970 229532 416936.0
215820 39072 396151.5
153102 139017 405774.5
273221 63104 480064.5
51997 205967 483282.0
228826 57057 406599.0
19276 16984 428200.5
21550 1415 473023.0
347947 400826 500023.5
158512 366582 499762.5
105897 36812 399716.5
119639 38641 419321.5
59425 53817 457283.5
257672 254377 393903.5
217252 59201 423139.5
207344 7548 404402.5
52030 219237 486985.0
254705 430357 435020.5
287923 286465 419746.0
53184 8504 475522.5
15502 221471 443277.0
59956 257457 509657.5
81638 86027 484971.5
254633 269196 479715.0
264833 255505 460933.5
131558 354760 438737.0
137863 134366 486143.0
52599 29804 490869.5
420838 270507 394652.5
27285 116962 466249.0
256616 66296 491863.5
241898 249564 439565.0
38515 4119 476003.0
107944 2880 392465.5
227266 7014 397599.5
114477 115358 413698.0
126078 134273 448080.0
248180 246313 414902.0
109357 114352 494216.0
211529 54745 421044.0
58746 259098 516955.5
417401 55846 409756.0
162836 139587 430071.0
227548 12553 420135.5
12995 31303 396051.5
61 100172 491221.0
124087 25185 416181.5
21624 427219 499447.5
25891 118915 404437.5
231133 108797 418407.0
224760 14620 460129.0
