121341 157594 913383.5
261356 332541 992218.0
3724 273899 936136.0
331843 427906 881134.0
220268 146289 965847.0
120928 133197 1006168.5
134783 116556 890402.0
337131 367031 871477.0
35063 145691 1036423.0
328495 423671 881003.5
111565 134774 816311.0
265891 7250 989167.0
152375 28062 992178.0
414431 253640 912054.0
67416 238825 914881.5
12372 117465 858233.5
73914 106691 892779.5
426984 136898 1009629.0
214967 133852 902990.5
316117 241459 1008143.5
34261 414311 940741.0
208638 114212 788005.0
254936 272959 810482.0
345472 163022 973566.5
163197 35423 823943.5
135432 23515 905336.5
430095 104957 967397.5
63040 225346 890798.5
167220 67406 1025934.0
118691 64005 801298.5
56277 224197 842015.5
100191 255042 1009890.5
135592 22118 996306.0
263116 53645 987787.0
427314 259380 788371.0
297633 91957 958130.5
48557 357873 908969.5
428587 255652 853473.0
271166 60714 911179.0
259125 222652 926044.0
65077 420028 817160.0
253676 8538 1000565.5
135348 37437 828653.5
74208 105400 794622.5
410048 327218 905785.5
241648 246534 874931.0
269600 268283 797303.0
56064 419572 862111.0
31374 137091 989630.0
59230 259963 877240.5
181253 15566 811630.0
59584 274023 865680.5
98827 251868 966715.5
64534 185128 987450.5
57738 119320 849258.5
36726 267014 965378.0
59495 116643 914163.5
126939 172520 984563.0
348841 134668 1006060.5
102295 260838 1028670.5
415734 106525 792135.5
51077 110544 915291.5
405426 208341 1029533.5
35442 51810 872957.5
23275 266804 979057.0
53460 107782 932100.5
110252 52326 834450.5
265003 267896 797630.0
119936 103252 917824.0
409641 408602 851200.5
143951 220973 993914.0
113476 3100 925004.5
158024 117582 812983.0
429232 122446 980468.0
51715 13906 834116.0
163649 102976 957202.5
207300 56056 801956.5
252812 255127 796180.5
215981 115036 816356.5
144859 345976 852829.0
325207 297331 897533.0
141460 369940 940216.5
430526 426278 871141.0
180683 59802 784099.5
132789 103586 937744.0
157371 136961 999489.0
4270 73260 818610.0
330240 412495 1008195.5
34054 54075 975522.0
1044 416878 821770.5
162502 142933 782263.5
136080 113828 940583.5
28531 157636 1027016.0
67567 128611 1039321.0
54419 268396 800830.5
3517 206813 789561.0
63220 119521 972469.0
347632 108627 835890.0
230035 138925 1031534.0
251271 4149 846190.0
156976 115563 885221.5
153650 363071 867913.0
136097 101930 994778.0
399893 228765 985973.5
12687 428492 797471.5
181900 121828 892748.0
288727 349993 993086.0
228377 273170 974167.0
153310 121975 982740.0
144543 168256 876498.5
34110 160070 981731.0
51298 25854 889991.0
53237 35947 895707.5
327616 418178 940431.0
1395 36909 855199.0
146657 134200 819278.0
92865 320162 806663.0
357312 232339 834325.0
266461 222054 923924.0
408803 431958 825857.0
106186 415051 988661.0
326017 191326 993631.0
341505 12155 933839.0
168339 162928 796725.0
193556 196143 979573.5
24032 164026 891995.0
123274 151292 935171.0
33345 208452 862760.5
183493 399882 852614.5
164130 33507 963885.0
239502 341898 975461.5
28669 149116 959298.5
53401 209188 793153.0
116109 6997 811380.5
108273 149450 993987.0
109733 419037 881048.0
22935 429456 995455.0
423843 272030 1010081.0
426902 31378 941755.0
267995 5839 891281.5
1830 61108 978074.0
222149 258220 918203.0
289866 328587 901593.5
103154 75145 803132.5
146694 219907 973338.5
291993 300210 957491.0
232344 355847 906329.5
428621 26356 926770.5
75608 36229 818791.5
106747 53199 820297.5
147438 122492 843605.0
332002 100967 1028729.0
379936 41222 986482.0
81558 198822 964079.0
53926 11012 852820.0
144931 345850 905853.5
73648 3291 944896.0
56596 114568 923480.0
5036 423167 842451.5
422027 35014 1007778.0
372133 370981 868840.0
347156 214398 849928.5
7633 418895 795172.5
424484 266693 1008465.5
124890 137506 904788.0
61900 254610 887302.0
427275 414437 800113.5
340704 400645 783308.5
412467 28077 1005609.5
320656 338855 861910.5
340226 345795 985108.0
422639 412832 1032268.5
421331 216696 950139.0
380731 40367 984146.0
116149 182106 929513.0
149759 109007 992998.0
7227 270456 877409.5
108873 118450 838936.5
376036 178054 836831.0
370493 161332 888971.5
155475 104946 1038759.5
148226 218492 1025828.5
72465 354943 971264.0
24544 205869 819477.0
430201 22164 808137.0
160039 365486 846501.0
415441 210068 784015.0
414438 106454 936833.5
143434 24304 820245.0
30137 20127 916602.5
123514 1999 872627.5
55804 37106 870475.0
268429 30459 1020528.0
33598 147122 963651.0
213340 264660 1018670.0
37600 146116 863105.0
119527 3923 898747.5
261035 266424 863401.5
347470 5712 931993.5
36158 139215 958126.5
125639 148915 831694.0
239120 402460 951420.5
9879 258773 928092.0
21279 207917 808372.5
144626 22255 964897.0
421788 27387 1018224.5
5206 113871 1040039.5
398432 239650 900914.0
218502 136683 911638.5
117805 25303 857782.5
148911 142299 803424.0
328145 419303 827336.5
361467 140835 921796.5
269201 250321 803175.0
256398 181850 945037.0
138415 121918 1026177.5
283337 281702 796733.5
103772 258931 1004245.0
361621 138075 985579.0
185800 61535 976632.0
37245 155691 1025786.5
212471 124386 923297.5
98547 261413 985437.0
124508 206988 842169.5
419487 228578 984823.0
64749 260933 785528.0
30501 416084 859803.5
28461 403324 1018352.5
1040 328613 1012529.5
420120 427382 875846.5
253509 21984 1023566.5
33443 139426 1038758.0
137427 105144 878213.5
25514 413889 908124.0
28546 257026 1033050.5
21329 418799 949125.5
302223 320632 1014919.5
318997 325328 805511.5
155340 102561 1035965.0
3233 118451 858663.5
137660 120988 869464.0
62361 262239 878886.0
22642 113546 798524.0
260083 63390 939517.5
114238 65592 912735.0
60221 116207 939712.0
237239 235419 863872.0
418977 215125 856514.5
135855 38981 834170.0
156143 124264 850656.5
161256 12624 981400.0
117368 213340 960145.5
166291 163414 965480.0
33150 422433 967577.5
369862 164989 944840.0
9250 230247 823676.0
122207 99546 789078.0
270489 101354 934890.0
125722 403686 1000217.5
134647 225776 832676.0
65967 20799 1005980.0
144447 371302 1017055.0
100140 147244 1020590.5
26459 257984 994594.5
22689 412813 946518.0
274735 361353 976774.5
111238 73143 942474.5
276570 275333 927634.5
413914 231852 898429.0
422418 423997 897390.0
419036 265853 933691.5
250619 268672 790584.5
158215 362424 794290.0
264547 267675 795371.5
154484 121168 957383.5
23090 155726 1005992.5
210948 255674 948019.5
102857 260155 1034608.5
24344 420042 1009285.5
24300 148686 954446.0
169338 69879 1019578.5
273267 210174 949089.0
29434 117055 809004.0
116964 181481 1026776.5
419605 109275 973185.5
269236 260858 885861.0
260483 217863 1007146.0
28120 148493 915032.5
231391 415185 894905.0
44747 48828 986419.5
307177 307879 1037708.0
259845 6075 985957.0
268626 3667 909726.5
214773 146280 1000553.0
256607 416230 787786.0
269023 25489 1019306.5
125015 154216 1008703.0
55198 29891 820295.0
270435 213877 872281.0
135858 150428 795676.5
35153 160955 937112.0
31858 62336 849247.0
272202 229666 1032326.5
62666 103519 839922.5
427569 266942 790480.0
155289 406200 869819.0
422270 16649 826861.5
111420 423030 877211.5
166542 363062 811396.5
406329 169221 874715.5
162291 366906 924726.0
271157 211748 935085.5
198171 19167 1025418.0
428231 109710 991225.0
117199 219785 825048.0
363581 148471 941137.0
21057 133210 797550.5
319281 92302 924657.0
267708 33349 949463.0
14165 269375 819010.0
7760 268556 1004445.5
121631 150645 965975.5
15030 415249 888354.5
108097 162688 1026173.5
422271 256058 873549.5
218885 186939 1031397.0
264973 412823 1002785.0
58686 38320 830593.0
9048 414681 947590.5
146364 207338 1028539.0
95554 323435 944551.0
149665 221671 1022055.0
4444 269393 822946.0
180449 177367 820163.0
417251 255102 926879.0
160856 364673 938514.0
350574 284153 1020298.5
126114 9059 806195.5
103376 419309 1031706.0
160700 217450 1009582.0
50679 58603 800564.5
152432 121863 958686.5
208522 210011 812328.0
105249 137937 1015196.0
2242 256847 933053.5
22700 266277 1019534.5
11172 132629 856468.0
425970 13782 945066.0
288236 432575 870104.0
222480 134399 814101.0
207264 125419 859456.5
137841 12357 1000886.5
81561 199715 888386.0
206157 116544 895077.5
426866 211451 826521.0
168249 150568 830235.0
25450 51907 893523.0
256754 252500 803729.5
139071 404207 894415.0
11389 219439 800087.0
229133 418901 781486.5
37121 147442 938897.5
34395 152538 1016205.0
133090 419274 998211.0
117650 212266 974871.0
231319 418937 981075.0
38059 421959 931261.0
349266 153598 957634.5
342278 346291 987392.5
132577 403177 874268.0
135368 224511 888439.5
216730 256973 889338.0
131832 401671 843712.0
258681 428495 838462.0
218367 421152 1024673.5
273555 210969 814276.5
101583 267396 866546.0
120338 14699 797030.0
423534 99049 916194.0
132471 207369 974901.0
250069 10980 873199.5
299899 92886 864716.5
118656 153018 999026.0
64117 254731 934895.5
55390 263556 882293.0
259300 215419 926279.5
261434 218048 994371.5
75571 103786 832010.5
75889 34299 840455.0
423218 253393 915320.0
418659 255650 1034722.5
35715 59747 796103.5
274078 9259 872714.0
383446 131981 982285.5
220996 52892 812366.5
282894 233674 980449.5
118378 268062 1023932.5
116985 65996 952391.5
268409 273126 851288.0
150572 167358 903873.0
111425 54850 850846.5
327954 421168 942865.0
166059 197294 976204.0
171423 67992 834092.5
51968 107511 822068.5
417217 120524 876888.5
215056 402766 1005867.0
55233 262104 873049.5
148910 25709 972324.5
317107 312702 824743.0
257129 36008 986150.0
208606 62719 973048.0
61613 263106 885029.0
183398 128658 908112.5
114422 100881 874762.0
254471 2065 965474.5
102645 208592 946955.0
56441 418727 835641.5
136193 152852 869303.5
223425 75814 832549.5
416900 273055 844928.0
296278 91607 988133.5
133595 133899 879509.0
343669 100680 910786.0
138497 132975 872204.0
421323 252528 835966.5
356062 232304 788471.0
209998 422577 995673.5
214263 402567 957871.0
160561 25565 982685.5
416788 257790 943581.0
348549 343389 855641.0
319068 291975 853269.5
74754 116487 995506.5
421207 106749 967947.0
67533 194017 902698.0
163495 125529 933068.5
149875 122531 947971.5
37816 421600 1006840.0
38600 407081 934921.0
5240 257976 837105.5
140221 371250 1033412.0
141204 4306 978110.0
137394 169785 1011979.0
14462 421912 828763.0
230936 133052 848422.0
10653 61847 782021.5
331872 542 924227.0
122920 153400 983886.5
267485 37381 990263.0
341050 39708 937888.5
62119 427801 958969.0
15248 413763 824374.0
270110 252881 857742.5
114372 403787 893140.5
281592 329500 918503.0
367865 365106 811534.0
275206 80385 1000780.5
429577 14504 908462.5
228484 265418 962485.0
80105 17194 894054.0
157959 343394 972865.5
415663 224071 880279.5
160982 33218 986816.5
54051 110963 863480.0
343618 101934 903485.5
156654 27898 988238.5
417776 230142 790292.0
73466 16892 842102.0
99930 258442 880453.5
115146 407539 986724.5
256631 60291 801036.5
15305 257020 910195.0
96356 317449 897060.0
50979 426440 954019.5
162042 21600 971293.0
161732 124781 946502.0
35863 53630 978497.0
330968 281544 966891.0
339055 113205 991562.5
314398 245802 785916.5
403568 346319 961519.5
395130 322984 885331.0
143238 135367 802487.5
22937 143361 1002056.5
364262 160318 903883.0
274129 212404 947998.5
145366 37496 991239.5
59866 20834 781569.0
121238 417900 865507.0
148406 217922 1021947.0
290844 301514 994101.0
101602 270617 971588.0
263458 216559 921112.0
428724 267238 812955.0
60309 266190 824568.5
421979 11934 907679.0
25479 149237 997635.0
128923 182848 999176.5
5888 125243 793978.5
121222 144877 866034.0
20720 133101 847085.5
263819 216960 948772.5
403019 124345 830502.0
392596 189634 1027031.0
61836 420998 914602.0
405902 154590 799650.5
31211 156568 992238.0
65006 417670 898422.0
143581 36609 890036.0
118275 59979 867755.0
39151 75565 937099.5
254692 211322 1039433.5
146133 39615 872253.5
353966 179938 1018069.0
37557 58752 813863.5
365151 163463 927193.5
418100 75254 978049.0
116350 402645 866911.0
414472 102918 854623.0
225219 147450 952766.0
114201 61012 823718.5
210289 52377 783336.5
340042 144394 1031270.5
216403 208475 816359.5
160567 107183 1000852.5
5116 208166 823961.0
90110 19481 1032896.5
422267 222423 1009544.5
70704 196058 1005751.0
347509 111737 810990.5
142415 30974 934504.5
29817 417413 963597.5
418760 257745 909651.5
145607 121319 981149.0
218604 73888 966071.0
73170 187227 876113.0
314051 249479 799012.0
65206 10528 993069.5
118877 412019 865230.0
260393 228547 943560.0
52330 28761 900838.0
421919 36792 973814.0
331530 416703 838311.5
458 263089 944453.0
21057 134889 986280.0
417941 39542 813204.5
898 32398 1017932.0
405863 345389 808532.5
164022 111607 925658.0
260599 429487 803380.5
25128 412541 844816.0
97957 415768 956744.5
45408 355372 1013216.5
412568 103704 857461.0
383365 308488 920481.5
60031 73708 941519.0
248646 42215 898855.5
225817 342491 1036136.5
123422 136297 1029413.5
253040 272980 803517.5
199240 89030 989257.0
257605 209975 908949.0
404092 147847 802987.0
156443 406331 834011.0
224515 152723 1034790.5
116712 220817 783822.5
422283 218702 966068.0
54939 256229 792103.5
228017 161620 952821.5
245601 43259 987896.5
97325 319863 858793.0
147519 108845 961282.5
152124 372675 1028960.0
265901 228878 1000066.5
271845 206982 1033102.5
168705 343072 1020281.5
135453 151704 818046.5
75576 213054 865435.0
415615 74280 1009327.0
366224 86839 943420.5
58177 30659 796684.0
360038 167840 973977.0
206125 427256 860203.0
209578 417683 843799.0
51817 73521 929511.5
126742 172646 961412.5
163728 344695 930467.0
117648 38456 821570.0
182059 31133 864843.0
173584 126489 950015.5
62979 218695 785331.0
348975 32654 938579.0
383958 308568 910521.0
117833 4513 1002361.0
21830 63671 872974.5
53880 254717 1024704.0
23747 136054 935232.5
166936 365924 838426.5
34962 148404 888825.0
423933 106387 965377.0
79149 360223 959132.5
349120 38191 987443.0
50877 104394 884890.5
313881 112416 978139.5
280087 277245 798449.0
180940 415421 927566.5
141326 124668 924784.0
403390 208439 921765.0
416216 120004 973934.5
74635 120251 923849.0
423547 265558 908263.0
416946 221239 803941.0
179620 127481 986258.0
208294 105955 789284.0
257693 53675 900380.5
1114 29944 892289.5
403024 115919 907693.5
409607 286046 1038207.5
65121 253670 1027847.0
149907 134808 842085.5
259435 419204 1025250.5
56573 136911 968056.0
62604 30121 837879.0
56890 1183 992568.5
221769 12901 877721.0
168169 89645 843376.0
226704 265839 965391.0
61200 264833 828574.0
424709 121090 1033672.0
161994 134733 956198.5
221976 135222 910406.0
401247 73702 863275.0
33927 181639 922110.5
254546 424833 1002276.5
149954 36939 981043.0
53088 206442 953472.0
8398 414731 892919.5
56759 30919 840486.0
150442 123857 854749.0
51161 222167 846937.5
213376 428436 973036.5
66760 401302 1036946.5
401392 184498 968109.0
183044 207727 896776.0
127386 204656 1036769.5
9320 227446 791726.5
3485 253854 979653.5
114266 157263 924659.5
36944 74868 783736.5
265257 56929 870079.0
150917 136447 924501.0
38197 61198 814925.0
418839 429942 845927.5
54191 429969 967577.5
155425 24907 966815.5
141684 137066 857299.0
353679 172875 956669.5
63299 226455 920967.0
405032 369397 1033482.0
38279 59905 783936.5
360882 364173 789223.0
174482 179685 888783.0
230270 73852 903848.0
171357 155711 903228.0
263018 10236 979396.0
396519 338407 990707.5
116393 38973 789914.5
315434 247252 947985.0
116539 144922 923858.0
77824 388684 854821.0
338088 94815 968527.5
28648 145666 1008401.0
155549 229812 1026445.5
364134 90164 965047.0
268206 230366 976375.0
258046 104938 927899.5
97842 422558 945576.0
198527 365723 1028849.0
24734 208432 823124.0
423678 61544 930727.0
119129 208939 872682.0
263183 181225 1005792.5
39203 12865 834477.0
24678 162569 979778.0
21471 267603 899864.0
121731 61906 877202.0
186956 229889 998755.0
419060 224613 950450.0
125225 181024 889843.0
421153 105164 1013590.0
185021 180819 828764.0
223453 100986 800239.0
310670 377221 907384.0
266035 97869 993490.0
380676 303767 806016.5
37199 264066 1020713.0
125437 402722 900891.0
73614 111682 871178.5
220851 65058 870294.5
53976 103008 854873.5
113937 99148 847291.5
122374 407441 925985.5
139767 143654 822879.0
109979 134612 1000935.0
250762 53675 1001497.5
106383 347450 840458.0
55429 22963 796552.0
166488 137580 1023173.5
150747 134871 896125.5
98213 65415 782024.5
75374 11129 908105.5
417519 425361 900460.5
411075 20476 1005735.5
273556 417939 904990.0
74149 30307 846852.5
154167 114201 932163.0
150277 365132 857972.5
130103 352383 945441.0
424336 229555 1014900.0
132747 27373 1030982.5
55365 272161 820367.5
117712 210412 892493.0
32408 422777 969583.0
266279 105620 1008974.0
142526 148581 786657.5
421183 212666 959647.5
428904 256597 815584.5
34403 412234 975885.0
212161 339823 972894.0
5615 419265 903052.0
26323 264778 1013675.0
38311 412247 1002476.5
453 38102 934915.5
420348 27144 980144.0
221568 116474 821472.5
224125 152056 1034399.5
262127 104039 1018418.5
402317 340138 973985.0
414316 230757 904193.5
112845 316919 871165.0
121326 209752 809100.0
144265 362872 970867.5
398009 408714 937874.0
270832 65030 845171.0
393511 320445 1001422.0
212259 421253 943275.5
120316 140298 1025201.0
230123 423571 1023312.0
113680 149855 860094.0
423767 221861 993125.0
155308 367243 909169.5
261660 5266 920660.0
24332 143433 815376.0
21218 64074 787003.0
63074 25627 855671.0
336017 369087 1014264.5
219780 123754 789639.0
426857 102419 868709.5
103152 347316 904178.5
23487 35575 808364.5
75633 2915 832170.0
279997 78942 992820.0
255557 122646 1037361.0
148402 16372 995755.0
422769 210667 1012352.0
426616 35729 833264.0
268785 418783 934589.0
413732 33762 982351.5
381967 44063 1020934.5
138464 114047 1012963.5
127842 373823 959171.5
30045 146854 984621.0
362799 161730 814845.5
368636 146442 934788.0
414343 62995 836030.5
70370 71271 792078.0
428561 55320 907119.0
144877 35376 963213.5
55324 32711 845446.5
96150 318925 854602.0
113928 210172 1036345.5
232553 356874 849155.0
226020 266433 937093.0
315447 241303 854361.0
33003 138402 1017863.0
114825 6887 787648.0
99184 143180 904618.5
402929 35906 974603.5
402781 341535 998209.5
132518 110547 960505.0
256755 11772 942628.5
60250 260431 878416.5
271218 212463 924145.0
9558 51636 786298.0
340149 23740 818430.0
124948 164024 834734.5
140946 100758 1000253.0
203940 201909 808374.5
353631 177147 854586.0
225383 418764 897566.5
138208 124843 980803.5
133717 235702 915170.0
30946 423891 1015410.0
99516 143709 936202.5
217249 263799 965525.5
332778 336744 837129.0
341116 348986 784348.0
267639 29532 908025.0
317549 194927 1000541.5
274079 10393 896397.0
270437 212110 826956.0
139205 37251 1009750.5
430023 115443 1006572.5
409686 282117 966742.5
2943 50730 878588.5
16595 263614 882195.0
364387 90597 946901.5
268254 107930 1038547.0
220163 414284 804561.0
361735 159859 800770.0
119029 16651 798948.0
3561 53960 783057.0
36506 147822 953588.5
14672 253703 927707.5
124695 347535 822929.5
229207 6846 784759.0
99951 134266 837000.0
406555 169076 877876.5
53850 111193 894445.0
10100 259048 899077.0
65419 224683 851117.0
251831 111558 966618.5
52171 332154 1013446.0
128544 399991 888941.5
79664 381470 850314.0
58192 254628 967902.5
214047 264570 1028130.0
118824 427006 883474.5
28056 53710 929289.0
260014 97354 1024596.5
132433 161961 943258.0
102075 414227 872639.0
209153 118443 893231.5
153080 36595 1013471.5
418685 23697 913186.5
105336 407926 1020557.5
153305 369273 964390.5
173439 177898 1006351.5
114444 75470 929335.0
14069 160380 958547.0
186844 399497 931476.5
10690 330360 1023198.0
328578 418815 913131.5
138141 141448 792168.5
404506 217202 1032084.5
271732 14443 998018.5
55932 257794 786277.0
29838 429824 939105.0
28218 58328 808819.0
421707 37869 983460.0
27634 160399 938434.5
415136 252944 1005598.0
268424 110803 952825.5
150464 370702 988784.0
31222 181423 878955.0
343602 118967 855811.0
155302 35678 968975.5
175063 173406 852402.5
52401 38835 880244.0
19702 85339 786313.5
237462 234931 867884.0
185687 63724 978279.5
336939 168017 1009820.0
206509 52236 962669.0
191152 189436 841061.0
274104 253964 859956.5
116008 151372 908380.0
383360 203143 1032564.5
152271 28887 954471.0
367307 149266 953532.5
222784 424646 971115.0
428381 36040 912664.5
238844 193892 932534.0
422108 7896 868044.5
189557 339259 1014761.0
421850 103182 930270.5
24204 137027 856686.5
51105 230949 879263.5
412565 119219 904068.5
1566 282272 972982.5
359869 371682 871132.0
12209 118171 805580.5
420108 255215 830278.0
231744 401693 971141.0
65235 422900 1014800.5
191717 70732 941725.5
201213 360656 805581.0
347105 22954 867459.0
227899 56078 785655.5
268667 104676 1001283.5
269852 272573 839260.0
223201 147174 1033082.0
366887 171350 799185.5
141395 151136 908842.0
143706 98006 939755.0
142462 139338 828918.5
16792 120325 837659.0
228572 339851 886982.0
105233 55678 816629.5
264585 418674 963962.5
88063 359276 1013835.0
155725 108164 1029342.0
175550 307526 1012103.5
402462 181765 967425.5
115309 210276 851965.5
210021 430392 927103.5
105826 430083 951510.0
124914 159290 956711.5
369041 364216 971314.5
267569 12629 941882.0
35391 404005 1030474.5
323666 323570 913161.5
412987 423569 879511.0
1956 428659 996177.5
41449 378999 900421.5
155996 229683 1038058.5
263477 425607 804451.0
250292 260714 873477.5
74287 30697 846663.5
268151 36938 1020534.0
159893 404454 872498.5
136966 98249 850934.5
400787 218853 1039166.5
373266 167001 781966.0
363582 368193 860695.5
417862 39617 819151.5
298137 91364 945571.5
102084 1741 837705.0
122188 4320 861713.0
270686 63652 860332.0
100457 266287 944254.5
331844 412785 863219.0
786 328273 968621.0
228786 430076 1009303.0
34480 66192 907968.5
424460 424799 811726.5
66274 260902 825935.0
28730 154145 1014936.0
162588 371401 981823.5
398851 214956 1012628.5
140880 134194 1016309.0
117303 368293 967114.0
24236 256830 1009900.0
143469 12716 927686.5
103058 412880 928811.5
103540 258927 958773.5
282685 136575 834612.5
212570 261704 976528.5
343515 21602 949233.0
36575 119620 781414.0
237699 344133 970416.5
402941 226014 968873.0
53965 105036 858453.5
207907 12619 875669.0
398488 214821 917369.0
245651 314435 1023016.0
403573 226491 968165.0
105419 403153 934254.0
361389 87203 817983.0
181200 121986 1002260.0
1057 124207 891927.0
132851 231970 836654.0
171206 148295 832921.5
111415 259200 963147.5
156063 110820 1020258.5
119097 11284 790262.5
39639 229047 795001.5
237247 136384 951437.0
417354 120629 889297.0
269950 54836 798367.5
414801 211176 935524.0
146315 218114 990122.5
150270 121142 962146.0
227056 273820 957707.0
110285 271661 963624.5
12868 262952 1020202.0
263546 416715 916197.0
412385 222667 989313.5
266125 214026 979992.5
157402 89118 1013629.0
414695 217080 1021284.0
155497 365267 885598.0
7835 126247 858121.0
218674 260534 1010826.5
254106 59176 916067.5
131475 402167 854486.0
145262 119340 949528.0
16542 412676 849704.0
29705 134375 792950.5
