384704 116539 3423304.5
347248 49967 3569338.5
93328 265387 3843310.0
41031 359803 3631850.0
173477 168125 3408615.0
192107 126056 3524139.0
94178 349295 3495348.5
434521 184128 3812583.0
282465 435553 3481146.0
175744 84793 4096406.0
381236 292798 3961238.0
26085 360219 3156319.5
21845 276132 3447248.5
78384 282042 4105243.5
69888 48778 3573247.0
399363 432400 3818701.5
383962 33548 3538540.5
339469 182917 3957692.0
251457 237644 3376739.0
13410 198447 3473363.0
388308 246475 3682901.5
173376 228878 3288050.0
47921 143549 3860312.5
281485 181454 3389214.0
180978 308321 3674315.0
128447 411569 4005849.0
2090 285826 3140041.5
102449 337050 3207554.5
173607 147045 3796922.0
402605 189606 3402682.0
409549 144172 3471251.0
205308 398042 3940029.0
250341 344806 3540390.0
259548 71939 4041937.5
386668 337459 3461183.0
111337 193034 3682481.0
215854 339552 4129452.5
91191 268588 3988251.0
378548 240426 3197205.0
351559 255506 3569079.5
90506 34397 3146079.0
92494 400716 3450261.0
93434 59861 3884643.0
194977 206877 3337637.0
48398 76983 4032667.5
84287 101561 3812787.5
139718 192970 3353021.5
56397 87951 3527023.0
144556 284120 3478516.0
137272 286306 3759151.5
302436 386266 3446802.5
361862 131262 3553204.5
127526 210346 3197789.5
89397 41842 3329377.5
339454 30909 4081797.5
92346 51559 4105575.5
307261 258502 3550698.5
399375 367668 3266709.5
275681 39941 4138956.5
258731 304457 4045373.0
230705 301761 4025037.5
177470 229477 3694781.0
45315 217960 4119520.0
120295 294948 4130054.5
434585 62741 3572325.5
427463 356219 3804822.5
73059 280489 3568636.5
343486 393056 4092260.5
144991 408832 3501760.5
103184 318773 4062628.0
333470 7318 3377401.5
179600 159591 3474874.0
47993 431741 3740653.5
254546 192918 4018248.5
292492 405871 4034619.5
281769 47603 3655565.0
318292 38803 4039996.5
38221 49225 3474366.0
79601 321480 4095906.5
161978 76059 3457311.0
59463 375575 3858045.5
190299 385868 3600403.5
146182 354464 3170286.5
203372 158650 3689159.5
404258 260909 3141258.0
204801 96826 3671772.0
180669 433670 3488501.0
234194 10071 3420970.0
316577 321877 3126640.5
401922 370190 3163754.5
141140 431807 3590846.5
378826 141985 3361793.0
428022 276630 3959337.5
309900 268134 3385329.5
372858 327227 3697078.5
35510 83994 3709478.5
269796 276463 4083510.0
44683 139903 3370442.5
298007 208806 4000048.0
50950 70052 3405890.0
4684 300435 4027631.5
301171 51679 4023583.5
66437 131907 3352819.0
303695 154184 3707543.0
320529 160718 3880463.5
392853 311416 3832646.5
133886 252295 3237081.0
53290 168144 3198795.5
144066 176297 3653992.0
34813 350632 3293352.5
433892 218761 3409007.5
50175 26717 3589928.5
128877 280543 3979018.5
22135 291027 3679044.5
204726 236803 4125661.5
351110 206287 3776566.0
159337 358055 3602835.0
389014 365497 3219408.5
317761 104429 3981332.5
385414 223168 3175786.5
352270 109325 3457991.0
308028 321241 3633520.5
238051 374262 3182677.0
232188 54579 3642762.0
127277 84226 4010580.0
412928 141964 3177593.5
188513 371052 3667404.0
140977 286119 3578225.5
186130 160821 3229118.5
236465 67336 3872991.0
412372 388867 4094309.5
271296 342515 3218263.0
368740 244155 4030155.5
52159 77907 4024208.0
69244 109757 3286009.5
429135 192037 3815492.0
25627 391731 3441171.0
171795 408129 3752276.0
67903 396696 3316287.0
134942 357153 3389343.0
83485 16637 3941183.5
301195 342688 3720571.5
232107 14224 3300250.0
275744 231662 4010674.0
398049 207862 3590228.0
24228 77600 3782545.5
293407 398622 3412132.0
158410 284823 3565550.5
305313 387842 4081265.0
410839 63549 3278512.0
157948 374247 4019966.0
41934 326080 3482160.5
294325 183972 3598541.5
79156 46203 3856939.5
85189 95044 3966865.0
15312 304476 4139977.0
198223 205157 4136087.5
133007 391887 3367565.5
130760 198036 3344888.5
15875 131026 3228935.0
371583 422998 3420112.0
370589 408813 3644008.0
307039 329093 4101853.0
92859 101285 3987411.5
311045 184416 3573791.5
253783 155845 3156035.5
82834 150458 3189625.5
126438 119234 3352917.0
56205 172018 3527600.0
420800 371756 3451626.0
126196 375559 3998894.5
235896 46471 3321522.0
228623 85556 3849914.0
65091 197968 3697352.0
278283 40219 3691003.0
409771 116526 3176404.0
137273 131620 3257995.5
237652 272928 3277255.5
225023 337104 3219588.0
185870 366158 3676589.5
369889 319849 3892486.5
88098 207579 3201178.5
351430 167037 3169498.5
84793 225969 3816015.5
383507 62759 3220884.5
356411 152877 3306567.0
355269 370097 3197871.0
356600 279834 3445521.0
421660 89645 3613447.5
210955 387256 3678257.0
268301 239191 3304858.0
66662 44439 4026923.5
44185 143958 4094875.0
62106 93522 3939387.0
387883 183054 3603190.5
291300 217869 4085073.5
49306 55536 3717507.0
247861 91590 3338958.5
415121 365287 3241922.5
390099 105143 3186847.0
122786 389912 3369194.5
213345 237117 3132417.5
81284 312512 3931615.0
397911 404749 4001648.5
268106 198106 4044682.0
341321 257368 3152895.0
355519 267589 4062594.0
117809 17185 3329731.5
196642 221785 3855035.0
349969 114790 3630857.0
269128 179192 3598158.0
124664 195015 3429108.5
307132 349031 3357066.0
256462 374450 3694182.5
156182 357814 3339850.0
297341 227744 4006717.5
271985 430678 3723651.5
309383 264329 3437344.5
336008 419143 3652470.0
235818 169688 3722572.0
368866 85664 3213173.0
415440 128527 3168303.0
6953 295380 3747912.5
67419 58068 3228148.0
412860 158388 3583325.0
200523 255231 3934594.5
319359 386092 3609990.5
411104 404035 3326655.0
108298 357361 3821188.0
364199 391263 3442115.5
141115 330498 3385244.5
193951 218880 3416067.0
126317 16666 3376359.5
89662 127235 3497010.0
130806 326172 3440125.0
220437 82230 3778264.5
68640 204536 3167112.5
398928 194887 3210162.0
292798 126430 3169616.0
223142 297839 4009946.0
215584 432913 3288226.5
21277 386017 3327238.5
399540 289970 3689943.0
252349 152717 3243635.0
125345 381833 3718415.0
230292 77590 3769939.5
255814 377293 4098206.5
198663 346394 3451540.0
366925 188885 3749074.0
19573 779 3753714.0
353552 201049 3584502.5
121097 299780 4136532.5
236809 204277 4118003.0
432916 2558 3148628.0
110542 379264 3983575.0
303777 334247 3824658.0
41423 371437 3530818.0
412108 336566 4111564.5
282552 180161 4107082.0
280078 36871 3400886.5
334598 262889 3875441.0
396381 347519 4157445.0
225593 71592 3310484.0
159458 174699 3743991.5
67242 418783 3406738.0
371789 317429 3940307.5
305980 75270 4058786.0
391118 418980 3900217.0
88787 384497 4048821.0
94142 225250 3768044.0
432020 33041 3191886.5
77523 316642 3982947.0
430827 137414 3581184.5
46587 170284 3825357.0
402822 251890 3437842.5
334058 39825 4015918.0
295518 187848 3288998.0
296173 53840 4067591.0
371644 4928 3142618.0
188984 363539 3254888.5
17754 221966 3741993.5
194894 378029 3309900.5
132839 320123 3952563.5
199420 313222 4126123.0
361263 240543 4104720.0
339486 151802 3901331.5
355765 198329 3385750.5
334823 133361 3261711.5
17933 20479 3742193.5
327709 351858 4039167.5
107149 190739 3693779.0
238040 260941 3228020.5
183860 365680 3532067.0
164912 76146 3707182.0
221378 309129 3506594.5
389933 262107 3890438.0
89070 186134 3579709.5
218897 82436 3722680.5
303546 207992 3794151.5
22544 290189 3121535.5
180318 229737 3259961.0
192877 209840 3478746.0
160790 46380 3542980.0
102903 87039 3344182.5
95608 389296 3371743.0
10465 179991 3654574.5
318763 43583 3381601.0
19579 120838 3475309.5
134409 175894 3766316.0
198265 317498 3777163.0
406535 184605 3153365.0
94376 56662 3990474.5
340341 377767 3863839.0
322094 347102 4128964.5
427806 175057 3700310.0
199926 126588 3676837.0
26927 306706 3623754.5
379717 135498 3706468.0
88904 382964 3835865.0
194502 207034 3359353.0
233591 163536 3337395.0
241494 173520 3761118.0
22093 198121 3384092.5
52681 232420 3901355.0
163168 42431 4108200.5
324971 115606 4144966.5
318714 405600 3579712.5
170424 329030 3595250.5
160689 354409 3391565.5
32865 307930 3993690.5
33119 303902 4018373.0
374434 137504 4084720.0
189476 311125 3819501.0
279471 56844 4100912.0
18801 125931 3633049.0
111136 431265 3316408.0
46141 157129 3768330.0
1759 17166 3756509.0
195231 211262 3602983.5
34106 309802 3659396.0
324701 221645 3897601.5
237582 254242 3192011.0
386523 406197 3335002.5
148856 82056 3340249.5
381868 313657 3293970.5
90103 196879 3502545.5
39850 92309 3590608.0
241161 194331 3216468.0
378831 363585 3306183.5
3006 90545 3292141.0
239049 293076 3471589.0
9904 311198 4158926.0
141285 260776 3304937.5
301574 382134 3680267.5
223765 357364 3890354.0
272278 190786 3910605.5
250774 397399 3605722.0
81883 345992 3152642.0
86522 401131 3726665.0
338270 157950 3928468.0
56217 93387 3885943.0
218171 199877 3378597.0
350255 60376 3280349.0
143401 309601 3861922.0
206532 189230 3553758.0
377179 222788 3966491.0
49724 119443 3453818.0
288778 251695 3130209.5
210559 372561 3196321.0
79955 181285 3872576.5
276190 209918 3570082.5
9259 49873 3670794.5
204333 281621 3779492.0
321232 427259 4061668.5
346338 397012 3742847.5
56100 290582 3785880.0
13253 308557 3919831.5
172305 139673 4024156.0
251924 391714 4132994.0
143974 194853 3298794.0
278369 15914 3745219.0
429691 346669 3458838.0
338756 122057 4032841.5
76582 148509 3428726.0
145270 284772 3806884.0
326483 342356 3369096.0
87022 40411 4106913.5
69350 2043 3236443.5
277728 70507 3340774.0
46434 161955 3606930.0
94847 53597 4083436.5
237065 160421 3518008.0
213269 434401 3450234.0
198953 269644 4030334.0
308821 196710 4124732.0
35898 87036 3306547.5
175681 107383 3492033.5
232918 188239 4130662.0
8906 174540 3336782.0
165962 296986 3959316.0
321177 26988 3976908.0
18263 175407 3804266.5
144417 393547 4077365.5
369174 237190 3229668.5
86828 267025 3576862.5
105639 305574 4086236.0
302163 44040 3759464.0
95645 170559 3747340.0
93606 247730 3263796.0
237192 381151 4085811.5
391078 423923 3869681.0
116919 321049 3914637.5
157054 381715 3329207.5
360493 181167 3443952.5
340373 276355 3446902.5
310567 33201 3938211.5
73626 39773 3913039.5
201789 296204 4005139.0
193738 66135 3308501.0
74282 189052 3234920.5
407119 132019 3246410.0
163215 374084 3967378.5
377843 13065 4068248.0
263463 140074 3259165.0
297585 353746 3180935.0
233024 145336 3515025.0
347229 382424 3457365.0
384164 92779 3482947.5
179882 326862 4120884.0
152527 378119 4013788.0
198840 325923 3990620.5
213027 323607 4130233.0
5746 192296 3656058.5
341213 390316 3235275.0
85723 113479 3677171.0
196429 401012 3442560.0
43167 162148 3900536.5
51017 353911 3385974.0
352048 55102 3317893.5
191987 116450 3648773.0
386067 417452 3333247.0
54153 203351 3151587.5
311748 56671 3578795.0
398264 54690 3529878.0
385366 427925 3320203.5
302992 117170 3988515.5
198571 15902 3569935.5
359919 237299 3435653.5
432654 45738 3867731.0
89189 131365 3244993.5
426179 405681 3169733.5
37534 47242 4013846.5
360405 42598 3706908.0
67712 422536 3327572.0
9364 85368 3933995.5
413320 131511 3394960.0
44186 311945 3211216.5
105897 177711 4038772.5
317597 140756 4001380.0
224890 19024 3689778.0
127092 417502 3188290.5
320855 126797 3133800.5
381938 382449 4146390.0
272463 165972 3732570.0
362319 196138 3422900.5
45247 15654 4098983.0
347630 380785 3592485.5
55885 201264 3693344.0
67216 55765 3251720.5
174990 219971 3508271.0
62370 374422 3761732.5
12298 326547 4040876.0
193059 110715 3431695.5
222278 339389 4000621.0
255206 69613 3666309.0
122859 95752 4050513.0
85912 133702 3776540.5
31334 319951 4076923.5
50259 361893 3145671.0
201891 34017 3368419.0
155308 385085 3699188.0
71201 101851 3162348.5
276759 231710 3622059.5
299752 310425 3160150.0
63959 296985 4117285.5
381023 428857 3934106.0
26399 306847 3615274.5
255906 403410 3177599.5
87273 94426 4113336.0
421256 238629 3261781.5
154900 354440 3385751.0
204246 434279 3989298.5
75308 178199 3682321.0
287969 213651 3189931.0
96788 26211 4043420.5
185191 381036 3714327.5
194254 88043 3510815.0
50577 228483 3753451.0
326560 120273 3995046.0
381621 54498 3903660.5
105172 201257 3564558.5
71663 289066 3159821.0
137718 48736 3334180.0
381222 133074 3927199.5
411402 103442 3238170.5
319019 107886 3961667.0
49380 13337 3634833.0
307698 353737 3463093.0
270938 345541 3367647.0
370524 195609 3330682.0
183618 93148 3476383.0
201849 305716 3310352.0
373696 325516 3195115.0
167527 58635 3127112.0
394303 66985 3752105.0
79288 297945 4032008.0
123969 84122 3696486.5
150053 95957 3883771.0
354478 380899 3348291.0
355207 276025 3232231.5
173888 196300 3507418.0
86754 220012 3213501.0
6115 172644 3656558.5
391296 217757 3658185.5
151101 317568 3813127.5
302071 406286 4013536.5
158957 96037 3857255.0
323016 390794 3400079.5
301826 380477 3893711.0
127489 335388 4032655.5
58548 83773 4054124.0
60651 79293 3810956.0
14688 301756 4112491.5
93709 405412 3423596.0
352532 190250 3447538.0
127019 323396 3255977.5
306036 268074 3953031.0
179169 12753 3467929.0
414621 370916 3285363.0
142574 48408 3463249.5
321664 42210 3496835.5
278214 190528 3988432.5
50431 100952 3722980.0
96922 31234 4068033.0
207620 176145 3493909.0
236644 105924 3516763.5
72358 97526 3368371.5
387437 174515 3687673.0
113966 18529 3442662.5
242187 372865 3998370.0
338840 169103 3559660.5
357689 421994 4137427.5
78371 118886 3747439.0
110987 72847 3480440.0
221939 279906 3704198.0
34556 66873 3152791.5
9425 296954 4099551.0
180324 416509 3736313.0
195877 119572 3288965.0
275510 268860 4073354.5
379185 345882 3258810.0
126494 394593 3529592.5
350478 1144 3189953.5
104062 385906 3211311.0
228892 18462 3763194.5
381688 156125 3319100.5
61735 434520 3191293.5
346907 94123 3472881.0
320362 103568 3986837.5
195843 133274 3784807.5
290160 356204 3702095.0
251461 90255 3919585.0
252065 362433 3685879.0
196022 307163 3615836.5
418176 70475 3364318.0
408227 68415 3897688.0
169791 246705 4083610.0
165347 240987 3638262.5
192051 270012 3826216.0
3873 180055 3521455.0
173462 216016 3273769.5
300118 221869 3954886.0
166592 11593 3148850.5
173254 143637 3391827.5
23609 94634 3949637.0
236494 222464 3346651.5
5344 296340 4065198.0
355299 378439 3961522.5
268087 18740 4051258.0
238225 241187 3871110.0
289249 367200 3807337.5
99334 323394 3982963.5
358586 431674 3273927.0
327971 201260 3943971.0
403033 175480 3556847.0
429918 290692 4129579.5
149649 277806 3155162.5
57607 363023 3202652.5
208486 275098 3729256.5
182798 264298 3173289.5
354975 344291 3717507.5
214255 309859 3490917.0
354033 318942 3202519.5
373567 190284 3549343.0
228252 174282 3499991.0
388880 296588 3565792.5
46677 362387 3404968.5
154275 327831 3254871.5
138386 290903 4143672.5
97305 212980 3841065.5
80062 191900 3259299.0
345927 276627 3403274.0
344242 329741 3632519.0
402815 327661 3282472.0
92820 21949 3966443.5
124735 355495 3677566.5
414472 363130 3341669.5
17166 264775 4100140.0
395102 375531 3549694.5
216229 201826 3209101.0
237594 84221 3449141.5
385871 94448 3173839.0
273073 172253 3613358.5
40758 402358 4119916.0
228011 307297 3531129.5
82157 188511 4005794.5
245613 168363 3940948.5
404081 44997 3758884.0
238858 416394 3282948.5
296561 247835 3490161.5
423239 333134 3618309.5
433746 207180 3429730.0
208900 197703 3274227.5
10844 127278 3338063.0
340877 178472 3268098.5
161870 356402 3432308.0
239878 367034 4152107.0
400358 326311 3517987.5
10494 280459 3657478.5
172451 37888 3647198.0
349918 184079 4017904.5
296770 23984 4098627.5
320398 164340 3853034.0
293675 17034 4065727.0
56873 96887 4013874.0
187740 178164 3345606.0
49567 238365 3867325.0
80623 67960 3171008.0
203039 291592 3841841.0
301053 169344 3959176.5
18445 115296 3625130.5
290631 57536 3807319.0
92885 152743 3843299.5
98628 375590 3797411.0
144458 320441 3766030.0
341113 243654 4111408.5
168612 417362 3636006.0
212719 191814 3447760.5
434659 22786 3416877.0
244068 127721 4093990.0
42612 91755 3549888.0
108784 354619 3258292.0
63219 174445 3305401.5
65539 130386 3432568.5
411684 342613 3798301.0
357273 80666 3636926.0
198236 131602 3784765.5
362693 416781 3250499.0
369100 258444 3383214.5
234500 75694 3664029.0
220525 308488 3751269.0
303603 275477 3323001.0
304485 211613 4148344.5
19756 131152 3480632.5
275124 31723 3882302.0
116358 357788 3796142.5
403012 433708 3694414.5
80658 178543 4146121.5
5891 169126 3167729.5
24741 285222 3139706.0
118010 352342 3446434.5
277587 99280 3687411.5
347590 50024 3544119.0
139677 338209 4122029.0
193931 260145 3947854.5
199462 180400 4035774.5
390250 429947 3976415.5
317687 40496 3655307.0
232847 218741 3613405.5
296729 315368 3464833.0
406544 319665 3676165.5
384290 161302 3942837.5
288423 159489 3570153.0
430808 251411 3787070.0
44312 205678 4115665.0
372151 325226 3852307.5
389367 108286 3644866.0
301305 187140 3670254.5
21002 277602 3733040.0
363115 177256 3668915.5
305585 264609 3969144.5
113932 182543 3139132.5
67606 258403 3275481.0
351147 368420 4030126.0
51863 332940 3555987.5
84438 358368 3856067.0
296491 183896 3568314.0
73314 192445 3523274.0
9304 274729 3767463.5
346490 272045 3438303.0
407458 326293 4031170.0
282065 165853 3138213.0
236555 122498 3278589.5
353491 98891 3188144.5
397058 122466 3465119.0
225903 85489 3823981.5
287647 251892 3217237.5
161707 41636 3878466.5
319220 385636 3736236.0
233892 226054 3360527.5
97162 109595 4033538.0
296457 61105 4129716.5
165269 31330 3170848.0
124163 398130 3729301.5
213851 95818 3978217.5
301451 403548 3874289.5
423870 344338 3608265.0
30346 335673 3403026.5
191085 333963 3903757.5
169067 357054 3578822.5
208850 381591 3537668.0
405826 323081 4032005.0
37961 76460 3797072.5
201651 90537 4013565.0
2944 333893 3460228.5
177381 149062 4117812.0
302469 26482 4075195.5
105878 80230 3672003.5
183895 285023 3914344.5
351915 257309 3575371.5
51073 94115 4079831.0
398442 279732 3945706.5
175467 73135 3194013.0
228392 371685 3200541.5
32104 275170 3837140.0
273358 383648 3451579.5
98174 199416 3486104.5
406879 331948 3294726.5
396084 304275 3971437.0
381396 107057 3776020.5
379024 7095 3900745.5
95264 246595 3374335.0
337871 116223 3995005.0
78061 225226 3847968.5
264425 139010 3144593.0
66588 78608 3124012.0
142079 318905 3732501.0
406660 356817 3509431.0
400172 249429 4039921.5
46527 116735 3917844.5
416578 177133 3701657.5
145223 320154 3715832.5
261047 168008 3372085.0
300173 246679 3265815.5
350188 74018 3767697.5
29268 93413 3907043.5
86870 56489 3531299.0
228751 281155 3182670.5
382666 99998 3401086.0
255242 154723 3265460.0
432237 362112 3820081.5
58656 94771 3916758.5
146454 233187 3370876.0
411534 209221 3256588.5
324067 388497 3861869.0
158687 43209 3983429.0
31210 233744 3282476.0
376147 32329 4057588.0
383452 99289 3253957.0
13520 194384 3548714.5
307948 31661 4003000.5
307767 317862 3673680.0
37346 96857 4108943.0
276263 273858 3944161.0
231156 235663 3168424.5
96454 8296 3990289.0
415215 70962 3305982.5
164404 374427 4096584.0
173638 310195 3295940.5
154619 176886 3672546.0
317541 345488 3371251.0
317369 384551 3800082.5
43992 150199 4073355.5
81003 117215 3433690.0
194222 14578 3352619.0
298492 380932 3782647.5
324294 347833 4049250.0
265789 309990 4047400.5
7938 70508 3174797.5
319637 89928 3525509.0
201355 337255 3915283.5
252017 383744 3368643.5
195306 124796 3423334.5
432548 100783 3184816.0
128295 119441 3136493.0
325785 388387 3339124.5
387370 202006 4026053.5
170546 247398 3987328.5
158175 243173 4106384.5
166140 253113 3382880.5
231696 41767 4075529.0
153840 325084 4014868.5
310202 228896 4110378.0
362344 52574 3248265.0
216351 48778 3712365.5
271147 304349 4044231.5
291027 405972 3613322.5
359392 52925 3470120.0
234415 82564 4024856.0
249216 165129 3609690.5
430243 363543 3162895.5
235433 59360 3548662.0
218174 294936 3973250.0
95962 347156 3631595.0
235307 263108 3805909.0
360911 408937 3947118.0
162306 389756 3552468.0
190563 177516 3236551.0
90623 176135 3691425.5
114508 130102 3149392.5
169476 323023 4028337.5
237696 396943 3642330.0
70723 393317 3320371.0
143543 297968 4137519.5
334423 381299 3327415.5
194279 186143 3509913.5
305031 185647 3697834.5
227042 175212 3260303.0
266747 232853 3952359.5
24284 389127 3454556.0
363214 239152 3217828.0
79571 417506 3879509.0
226518 295291 3841810.0
313213 174014 4124941.0
160735 72230 3160250.0
201428 254757 4097624.0
392753 189083 3205148.5
319426 258053 4152078.5
335474 109480 3374185.5
119600 180430 3498840.5
383777 107328 3552497.5
199481 46551 3381563.0
259391 192755 4059452.0
406230 290092 3886279.0
7487 378410 3903365.5
308163 124820 3789466.0
427410 276642 3807546.0
425286 131338 3780965.5
192001 230248 3578906.0
153662 411882 3495673.5
93165 130603 3127978.5
394025 375424 3853669.0
140789 397554 3832850.0
106812 72426 3513868.5
337596 184998 3998664.0
5271 174638 3553259.0
429776 236633 3703965.5
198852 23688 3373319.0
432253 5187 3448011.5
363006 287537 3860229.5
49146 195544 3568746.0
136093 350359 3710641.5
421285 305789 3951526.0
290030 48780 3565553.0
291633 244983 3485427.5
4852 190957 3684298.5
386218 157641 3682776.0
180754 350645 3689735.0
301903 56342 3827190.5
139071 400396 3138914.5
89390 214999 3179867.5
185549 370936 3658991.0
395344 184223 4045727.5
30772 325131 4132434.0
30340 353029 3308371.0
123206 189146 3457277.5
245026 176149 3818740.0
331146 275233 4085916.5
164123 48243 4008756.0
392326 114903 3289299.5
17378 96023 3568189.5
277808 139461 3236681.5
207162 412859 3155113.0
389385 324984 3405524.0
328991 336383 3472020.0
179005 107471 3624465.5
201236 243667 3741329.0
42875 406560 3973554.0
375436 323870 3527181.0
194613 269309 3959308.5
359160 82387 3512230.0
405951 378070 3886612.0
121183 234150 3405135.0
335145 254378 3989277.5
226303 232752 3594481.0
234146 361548 3643023.0
160198 387936 3253056.0
4103 188797 3593792.5
150209 232208 3164461.5
337900 24975 4064071.5
42096 322402 3498372.5
419275 198576 3767421.5
351416 265832 3496495.5
54766 380635 4059966.0
270793 166695 3380395.5
409652 48789 3387642.5
420582 70208 3622460.5
432286 406402 3940207.0
411637 21934 3149172.5
259369 239415 3188555.0
288191 155764 3487401.0
353691 162492 3222712.0
83139 130274 3751528.5
427474 85552 4065266.0
50215 217055 3787475.0
248612 348915 3898521.0
51245 191126 3755929.0
268953 374090 3777326.0
88019 18320 3248267.0
417543 69939 3577115.0
306763 143300 3860530.5
163821 254835 3549917.0
376601 238013 3852250.0
80193 296340 4118652.5
381198 192224 3316345.5
196369 186226 3898725.5
375506 57391 3985824.0
280518 132014 4005016.5
179796 158352 3758069.5
329468 272248 3151582.0
179571 88643 3369285.0
320943 224634 3891031.5
276917 52332 3834550.5
174913 204883 3253223.0
286562 398455 3691451.5
232878 238421 4154661.0
37370 75988 4136863.0
359459 34581 3136083.0
172672 263925 3883455.0
286573 254477 3130176.0
224556 354134 3293898.5
236548 212427 3442820.5
192613 243631 3363851.0
216032 334451 3421037.0
297 346416 3397506.5
130699 423784 3255218.0
48751 331308 3427647.5
300406 407369 4012079.0
51597 199995 3604034.0
343813 309735 3608470.5
387118 7450 3211980.0
135733 174318 3788956.5
336088 268531 3920893.0
222064 83915 3781870.5
103565 293703 4158264.5
269242 177003 3562554.0
116372 76525 3648142.0
43320 127649 3969063.0
189283 360303 3548241.5
221488 90046 3205067.5
161406 355088 3408966.0
229569 277722 3759976.5
306595 266140 3525403.5
308619 197216 4073692.5
336631 238134 3784221.5
429740 374572 3905162.5
401759 198574 3615509.5
177872 415385 3874613.0
36083 304137 3826254.0
200155 329986 3880930.5
395387 365283 4049876.5
30300 388221 3642595.0
279432 388515 3147017.5
89799 186255 3562354.5
55432 202199 3197279.5
260218 174337 3728066.0
54637 345254 3126141.5
92356 384000 3236173.0
239088 113264 3720982.5
69368 303781 3135427.0
384741 294265 3603510.0
25993 398229 3568048.0
217427 326513 3929330.5
297552 166231 3989869.0
28505 336227 3260391.5
129219 304012 3712490.5
103589 391821 3438780.5
249803 348221 3293649.0
236610 25025 3405797.0
221052 294004 4059954.5
