252936 85440 6722266.5
293526 37875 6407644.0
262753 319668 6507345.5
364148 323332 6260778.5
298109 280070 6646710.5
330118 316799 7370060.5
87749 243777 6400945.0
293825 84201 6400622.5
415531 315475 7089364.5
253402 246106 7163323.5
255406 83983 6428402.5
356909 96423 7074600.5
350440 77216 7248464.5
228054 396844 6329128.0
319693 3037 6313367.0
241578 146507 6393444.5
146605 304533 6596024.0
282147 43896 6813442.5
353358 285174 6484324.5
251530 189773 6427193.5
119875 322738 6640211.0
240058 65129 6775656.0
136188 42763 6302745.5
306302 274271 7109698.5
417665 317680 6325404.0
311214 284570 7114578.0
394361 33529 6843436.5
322635 182183 6518460.5
122915 243719 6631292.5
421303 394019 7190860.0
11075 395928 6503248.0
315088 386374 6479642.0
163489 247748 6392476.0
47705 267472 6751619.0
91737 49935 6758983.5
388405 290115 6905765.0
291525 281133 6809717.5
349426 68351 6320765.0
357030 320387 6957958.0
216122 246698 6736906.5
394983 254705 6906870.5
281518 315920 7302288.0
244367 97705 6717703.5
435637 192029 7254114.5
382005 420275 6382949.0
317305 433691 8049245.5
289826 299216 7043555.5
241873 1239 6951910.5
244422 428482 7166804.5
43265 221243 6420156.5
72975 192414 6559171.0
240099 97852 6546303.5
300996 259206 6317065.5
407700 249477 6282910.0
394314 13255 7140227.0
294055 161211 6489305.5
335990 311356 7208283.5
218945 322388 6568418.5
110502 316657 6936094.5
323671 59692 6724924.5
304189 138093 6895715.5
381277 412753 6701371.5
258448 393073 6777189.0
316616 417661 7382004.5
366327 310560 6562687.0
354034 435602 6820278.5
198340 173492 6260758.0
239570 312814 6284107.0
293099 275165 6788186.5
80721 289454 6639015.5
126325 431861 6662059.5
3767 241939 6666627.5
427531 321849 6702149.0
323257 233554 6838013.5
279719 264975 6399902.0
329244 195389 6311799.5
243806 354971 6722092.0
266289 77585 6297684.5
112066 185480 6587653.0
252070 394468 7182214.5
308155 243304 6660659.0
418001 43167 6603878.5
244139 304574 6889431.5
385182 235674 6354285.0
199441 430968 6460015.5
384402 411520 6402083.5
160787 295784 6269506.5
312726 349312 6366450.5
73099 358958 6532004.5
316411 155435 6958510.0
253199 45574 6805118.5
135163 294559 6505964.0
283512 319117 6511406.0
83528 201455 6712010.0
325414 355932 6873054.0
76019 261645 6651281.5
47139 8103 6479608.0
257248 244324 7096519.0
230887 242867 6547254.5
377641 39114 6391225.5
395139 3630 6766686.0
118417 296715 6380042.5
230466 396395 6324948.0
342798 47759 6442929.0
309899 334712 6890430.0
267823 112259 7045607.0
92608 250536 6523763.0
50090 311826 7308787.0
251477 326140 6497333.5
420746 112148 7318808.0
47368 244626 7029760.5
113247 414211 6812084.0
87908 245455 6392031.0
351163 307185 6943332.5
199194 306806 6605097.5
248237 2701 6798518.5
394241 277151 6826512.0
393879 280725 6842436.0
245880 254265 7198916.5
246754 339866 6466275.5
301927 421593 6264459.0
302615 46845 7656317.5
357722 296339 7530813.0
47554 173739 7379409.5
356657 180456 6844260.5
122777 178032 6473678.5
416261 302391 6516080.0
297760 427625 6308851.0
282154 324666 7007239.5
321782 83756 6275632.5
273606 83712 6401724.0
298863 156567 6301870.0
1156 196362 6307969.5
43879 45730 6768617.0
194952 432343 6835815.5
54158 394006 6793617.5
47095 391248 6831962.5
41424 223825 6254733.0
82572 111986 6251009.5
244572 213721 6732858.0
291954 146943 6339703.0
201979 191218 6349219.5
350734 308545 6882466.0
40213 10669 6426343.5
339369 422134 6648630.5
296417 125179 6274053.0
34509 242269 6678029.0
420808 318400 6471818.0
286831 200670 6456933.5
122270 296943 6343433.5
433762 19934 6845829.5
83182 298389 6299191.0
118515 293732 6466659.0
64045 337449 6275184.0
42328 222892 6334979.0
328742 396064 7256275.0
305893 47914 7982685.0
87596 305786 7117516.5
50461 39854 6289810.5
248249 135934 6521601.5
316177 218921 6857202.5
218829 248209 6482001.5
315998 27996 6952848.0
281731 96210 6787656.5
44876 42342 6813180.0
275219 128816 6532735.0
284074 177567 7351311.5
251300 314112 7536699.0
408769 393778 7157480.5
47098 416645 6498712.0
46835 206205 6458549.5
426397 338518 6762513.0
178047 150894 6554954.5
318402 412460 6427205.0
138756 245822 6590701.5
222661 248862 6615202.0
352371 435439 6876575.5
42742 263014 6713659.5
156693 248972 6439395.5
250597 111808 7086259.5
431793 319722 7309767.0
356604 260261 6291025.0
241256 405198 6317274.5
330107 303268 6767068.5
71439 113233 7045422.5
174104 48004 7510186.5
186880 314355 6912991.5
21890 42171 6434663.5
322702 86722 6832482.5
321837 223215 6535316.5
132648 294253 6654651.5
296690 285744 7304331.5
44983 193297 6820891.5
281893 296424 6926808.0
203500 200976 6405813.5
245719 397483 7972622.0
2532 242844 6904468.5
210641 245295 6669606.5
240035 38750 6522224.5
194306 434997 6944380.0
45933 426174 6634622.0
239944 257263 6882717.5
49546 239810 6836399.5
398332 318531 7578270.5
40142 409837 7203062.0
55241 393413 6509466.5
192257 431429 6569513.5
176900 45472 7028201.0
49317 179560 6375762.5
21235 242711 6540588.5
20243 394680 7024328.0
315350 327533 7441298.5
247647 164413 6355465.0
232681 394014 7436746.0
315295 398742 6427051.0
234272 202524 6257189.0
215346 240713 6589033.5
397467 312790 8280189.0
59725 358647 6283247.5
196444 284063 7079017.0
406540 307632 6307715.5
293501 83550 6277748.5
299045 327642 6687954.0
411981 248808 7054780.5
18585 311453 6435638.5
324541 235704 7134463.5
76789 413268 6858883.5
305397 89744 6550714.0
351925 72020 6490691.0
312269 421171 7259217.0
322283 36379 6248820.5
376134 48129 8267969.5
409646 246015 7622416.5
386918 248865 6667053.5
163866 291930 6475574.0
331374 311417 6673393.0
264134 197143 6469308.0
429366 297363 6490999.0
324066 101664 6652242.5
227245 375329 6313945.5
86482 292619 6586356.0
385449 432016 6266742.5
432642 88269 6293157.0
298293 46298 7404162.0
306178 349877 7121218.5
262198 97247 6314911.0
299194 141865 6277600.5
354964 300065 7234993.5
295450 143025 6248457.5
84240 434189 6885736.5
72286 307283 7050665.5
412997 358803 6320697.5
222606 314281 6841089.0
122863 322603 6534323.0
277146 317980 6370994.5
105764 42366 6379096.0
297497 50114 7030349.0
435494 167483 6266243.0
96465 332334 6478979.0
310736 229207 6313180.0
242165 1124 6988287.5
300973 282862 6869046.0
268473 326058 6479548.5
321989 218165 6579502.5
187869 313625 6651642.5
393517 124556 6311672.5
287870 321226 7003703.5
101499 242926 6688316.5
419615 316508 7277422.0
43911 249889 7143577.0
241339 336049 6463195.5
246006 99510 6739433.5
273945 312564 7253259.5
375330 106271 6377777.0
95167 141497 6421136.5
392878 12159 6301687.5
309741 275324 6941602.0
184727 48558 6291091.5
262175 18245 6266432.5
18503 285800 6768806.5
249307 287127 7772819.0
130894 44668 6337990.0
312625 278119 6481376.5
134503 112091 6968207.5
9742 244210 6724743.5
178732 45725 7433646.5
159495 242122 6324599.5
253934 319302 6570602.5
392499 424099 6391462.5
241290 145353 6343650.5
292786 138098 6587973.5
317298 364452 6416933.0
233371 318433 6462193.5
358377 113414 7869982.0
199324 177626 6768940.5
395626 204260 6761700.0
410126 300436 6909914.5
373568 333180 6768264.0
393484 409283 7300133.5
329741 19799 6294336.5
297273 14903 6494229.0
57541 244843 6810391.5
380137 235502 6758265.5
328064 76554 6750502.5
178276 72182 7166935.5
315070 159124 6608761.0
317793 62531 6254057.5
429346 76991 6613690.0
247921 106605 6687211.5
233933 290772 7064395.0
309711 287266 6428493.0
47710 255987 6924555.0
215228 40297 6336534.0
248516 231768 6613468.0
247101 206971 6564911.5
7050 247269 6607618.5
394977 7783 6436620.5
433967 386022 6547844.0
304620 330593 6680160.0
302002 280691 6935158.0
293035 151112 6244490.5
392982 99571 6367759.0
301846 117573 6329337.0
172852 286509 6404605.0
421540 94130 6458623.5
145522 243065 6350158.5
375791 122623 6466968.0
199032 285128 6721992.5
296881 72821 7278351.0
412569 39799 6587660.0
373587 370223 6550890.0
435611 326043 7580578.5
306895 247280 6601508.5
239837 185908 6664940.0
112833 223111 6805777.0
364415 301804 6308257.5
41516 250796 7063549.0
434133 80109 6734861.5
291885 229092 6263697.0
244276 25280 6665927.0
376929 52867 6322133.0
324675 155348 6277717.0
311885 280855 6996165.5
297094 328218 6761491.5
234909 303141 6842080.0
323560 11211 6401893.5
305045 72424 7615077.5
314361 60179 7108808.0
393240 21948 6674100.5
3057 316363 7019753.5
424240 50601 6303215.5
76576 349992 7338177.0
45606 42688 6737045.5
350709 127545 6589291.5
78336 412974 6689938.5
11649 294437 6275000.0
241470 182833 6526285.0
304549 41240 7172820.5
182146 394795 6549408.5
255205 78604 6870841.5
256277 302767 6346771.0
51286 40342 6647004.5
58532 48169 6587743.5
188508 245366 6708884.0
88948 310237 6482462.0
76134 45759 6441321.5
299547 274616 6714320.5
315664 355672 7438234.5
338818 100626 6245071.0
246310 202804 6887141.5
395220 13335 6598400.5
113114 399207 6500884.0
141959 310268 6750903.5
256045 247849 6817761.5
269015 298695 6442801.5
242366 130168 6318646.5
134604 95493 6303569.5
323753 156232 6563410.0
276914 385589 6533697.0
91387 349463 7245580.0
316917 4553 7140308.0
300332 287582 7008109.0
305958 24486 6244416.0
71995 95013 6779663.0
369366 312869 6503341.0
39085 246932 6548983.5
91235 86831 6353241.5
339210 270987 6600773.0
269714 379593 6317254.5
236982 247645 7531631.0
286410 192715 6776241.0
374273 48606 7068445.0
213926 321928 6574115.5
430774 306186 7180440.5
12033 293664 6298562.0
83544 327992 6500969.5
236277 318513 7109186.0
325854 271320 6347683.5
87659 296477 6767855.5
313383 264122 7101621.5
339625 48227 6603173.0
313021 147743 6703101.0
315066 125586 6825152.0
213534 396945 6343916.5
375788 47332 8062798.0
414874 301192 6447365.5
312562 268450 7041716.5
72192 203512 6517342.5
378226 317295 6329862.0
321722 6616 6619000.5
262331 247187 7021828.5
273952 79164 6472299.0
186276 313642 6830328.5
264724 393041 6646291.5
45476 203811 7135890.0
66182 40715 6643640.0
45120 347948 6371602.0
137119 245407 6251121.0
97514 321474 6626849.0
98901 292453 6424391.5
282437 94576 6384748.0
227888 317126 6718875.5
269910 379080 6653478.0
77340 62118 6413268.5
290031 199530 6449011.5
408510 77106 6867529.5
125320 244092 6514301.5
93125 72524 6834319.0
40762 424984 6976496.5
425747 297448 6738421.0
43791 422255 6795044.5
307651 90493 6483859.0
416793 47207 6414965.5
65762 291862 6528515.0
338416 333930 6512891.5
303979 358739 6583859.5
393783 205110 6603483.0
397747 392814 7647140.5
80372 309985 6998754.5
310493 233962 7245126.0
396002 50437 7017605.5
320480 274282 6307126.5
146431 240132 6417685.5
283611 190268 6333319.0
244937 336972 6259867.0
377388 101768 6301052.0
297878 408457 7040745.5
113882 394467 6312179.0
378849 397109 7319319.0
358603 256491 6496094.5
402110 46174 6773666.0
269773 240197 6987226.0
236302 240740 7541668.0
78610 186717 6411847.5
291344 142239 6364846.0
288643 293618 7306877.5
38921 338268 6243421.0
2014 294351 6614594.5
331178 320153 6762309.0
253772 320967 6396295.5
367621 307737 6603869.0
76209 358423 6270136.5
97032 336831 6670211.0
196226 428301 6396865.0
275415 322325 6403836.5
66351 245129 6858354.0
312132 202540 6883667.5
86793 201620 6533475.0
424408 320098 6517547.0
76750 421013 6472941.5
183079 358408 6793761.5
376550 51854 6534275.5
219293 393896 6684248.5
289799 188964 6715572.5
179511 237202 6320975.0
357594 129518 6822583.5
416186 296728 6373973.0
422652 91437 6415058.0
290735 349959 7158132.5
353851 233740 6410570.5
301221 45458 7356898.0
2084 322701 6687234.0
301409 44582 7665741.5
39291 292190 6486820.5
285552 301299 7208259.5
396675 120995 6457631.5
198681 432539 6423807.0
43146 376386 6387323.5
324752 397938 7938777.5
35816 313817 6929630.5
42757 118961 6257506.0
26908 241575 6603581.5
386459 431254 6508234.0
260040 357942 6383437.0
160656 323858 6384217.5
129416 358000 6589225.0
414300 314572 7191906.5
163422 293130 6278811.0
249138 59044 6761795.5
274424 293982 6860107.0
81959 307343 6500242.0
178501 232155 6875696.5
243478 206659 6557360.5
321603 418943 6821111.0
140257 249129 6390720.0
254610 178677 6363410.5
263628 40615 6906158.5
379036 250282 6696160.5
248620 155382 6339562.0
77082 235456 6765475.0
314338 412236 7311412.5
317310 362401 6581646.0
389280 717 6259582.0
420854 81840 6245597.5
86497 386475 6737780.0
383907 323686 6437251.5
312074 39660 6735474.5
264974 321883 6607189.5
54225 325493 6254613.5
146613 322660 6452809.5
329458 43392 7075876.0
318422 271686 6358223.5
359952 301748 6392874.5
428156 395465 6758095.5
159124 315328 6624757.0
276060 324451 7260061.5
372334 297754 6314791.5
299200 46141 7736383.0
397763 80362 7013434.0
314248 71955 7886946.5
394724 427582 6587424.0
358845 310276 8059320.0
109358 245109 6763169.0
303865 11559 6602692.0
128678 275030 6511197.5
145350 304832 6447353.5
249493 181070 6616793.0
274671 302939 7277018.5
326517 414770 6488940.5
300802 287239 7116299.0
415119 392645 6380491.5
430826 393251 7992491.0
392704 281708 6870760.5
323399 271662 6383702.0
120001 247046 6653870.5
267547 241978 6962634.5
100331 316062 6958873.0
35653 301514 6279279.5
239201 45582 6444894.0
284602 43137 7640457.0
297346 235663 7155966.0
79013 304642 7008874.0
71371 386449 6449324.0
178694 422038 6336395.0
305348 21181 6430858.5
291642 434446 7504151.0
330271 303862 7085308.5
250987 276986 6585875.0
332655 300720 6550956.5
375890 430132 6432499.0
87063 316714 6782517.5
42417 123094 6387372.5
99897 394434 6645823.5
314216 266851 7385342.0
423547 300162 6485327.0
329244 92658 6770192.0
241225 201548 7016572.0
376589 29838 6579920.0
25071 247523 6645865.5
357837 396004 7342806.0
243274 187933 6479831.5
291172 1336 6745174.0
266143 241705 6972798.0
121131 294167 6320689.0
307730 234132 7201437.0
182105 243973 6645671.5
308881 86279 6777490.5
252824 77132 6579580.0
283790 378096 6848825.5
245800 160848 6576855.5
363447 375936 6873342.0
317306 137253 6594701.0
423338 300515 6382343.5
227107 315728 6841178.0
151565 294154 6365253.5
52507 299331 6251447.0
122638 292444 6514199.5
42737 59830 6430203.0
246590 262643 7194323.5
175229 276506 6509012.0
142815 311280 6600573.0
31754 376030 6491735.0
287953 339240 7157971.0
435203 174742 6990726.5
311633 1797 6519052.5
305444 409089 6411739.5
112192 102652 6887322.5
93126 421330 6329096.5
357896 320046 6938907.0
117105 303971 6250804.0
324285 160755 6368153.5
303643 72137 6472345.0
47087 217976 6409887.0
240777 159570 6407884.5
304212 274761 6896078.0
269492 77403 6427880.5
48212 177489 7692885.5
235589 204274 6479276.0
278178 176085 6368255.5
209026 242656 6325612.5
400113 244383 6295414.5
246460 356962 7193702.0
302905 273357 6425401.0
282878 310731 7156422.5
394619 355710 7488781.5
96176 253018 6334603.5
137552 300240 6346112.5
425649 312620 7531191.5
10033 43598 6373260.0
81318 305815 6927308.5
115775 315301 6863032.0
433013 174507 6750276.0
313406 37789 7058748.5
319010 250521 6720441.0
85589 264140 6370864.0
136217 40463 6474374.0
244253 187210 6675154.5
315333 306650 6568887.0
376824 7738 6353188.5
396065 262203 6991665.0
132228 376073 7008863.5
316346 100816 7176676.5
92475 48429 7363647.5
77457 350820 7225708.5
413782 294021 6453214.5
112083 132288 7114328.5
95000 427003 6265084.5
295724 355441 7459004.5
105756 242202 6636979.0
185192 249318 6399719.0
240723 97570 6639610.0
242780 405025 6243080.5
334573 314183 7082470.5
409310 395563 7667834.0
321818 51376 6761953.0
12662 321836 6689645.5
397649 43429 7803586.5
270431 94139 6255955.0
417574 299151 6254983.5
230551 48271 6548528.5
402274 242392 6270855.0
229189 306094 6283459.0
393286 432159 7540754.5
303899 310060 6264465.5
248007 123927 6615174.0
283554 178324 6544788.0
136648 321709 6764867.5
321136 252376 6488071.0
42309 224856 6317111.5
87030 247587 6426726.5
321955 269264 6966309.0
421914 382123 6358491.0
298987 115036 6272342.0
434898 305214 7970654.5
328780 320144 6687075.5
397102 394466 7978291.5
113172 261709 7134324.0
410231 295419 6757742.0
239740 140218 6282458.5
348694 292305 6318941.5
101085 245810 6745386.0
85779 386395 6385701.5
84341 287788 6849288.0
378002 337219 6903098.0
431876 66750 6372803.0
303848 55254 6396495.5
55510 45817 6381862.5
311816 366281 6745153.5
28952 245916 6729802.5
112746 7819 6891648.0
82018 350064 7105335.0
10001 321541 6708701.0
230145 242762 6625807.0
350368 353490 6532370.5
242781 182384 6635947.5
237554 395022 7033214.0
300940 406942 6257292.5
244169 232324 6994127.5
58031 112324 6921778.0
425983 317879 6514236.0
377750 28863 6329854.0
92554 283688 6531468.0
240268 138272 6583625.0
375948 7722 6435637.5
246729 107847 6724180.0
250920 359076 6554946.0
249851 245280 7256563.5
394809 268937 6908623.5
377474 392408 6279060.5
355765 44030 6663716.5
313885 21684 6766636.5
242315 33545 6682532.5
395913 136011 6724329.5
74180 246068 6609908.0
72454 380739 6518789.0
305242 158927 6550995.0
64491 315659 7118768.5
248641 16199 6769607.5
105318 245425 6588371.5
317399 270642 6501520.0
275989 91224 6631372.5
358286 386197 7011114.5
311000 303369 6366202.5
357138 351923 6608655.5
248656 333870 6323369.0
203746 393497 6433991.5
59771 393608 6514099.5
150270 241129 6343774.0
377731 415040 6578040.5
304404 219539 6265448.0
48232 347391 6477958.0
198658 424306 6285915.5
426600 83959 6437245.0
55764 326486 6532448.5
113384 413257 7310720.0
327248 47065 6345344.0
373518 282952 6598614.0
204494 41385 6722319.0
293878 54475 6289255.0
290753 361037 6423805.5
249410 214519 6593677.5
332483 77949 6553913.0
201992 49011 6820844.5
316015 11274 7121065.5
42707 106998 6324233.0
395047 304940 6400309.0
131920 237265 6255498.0
272550 85326 6783614.5
164597 306122 6543681.0
313516 26903 6708078.0
278502 112288 6834249.5
311843 186124 6872214.5
433696 298572 7229561.0
286391 352270 6632577.5
19650 428821 6270393.0
277814 378153 6817986.0
316920 103107 6990067.0
305601 391850 6304052.5
181255 112324 6820142.5
286291 313238 7963100.5
243095 56008 6783516.5
338805 408429 7139597.5
303506 417838 6248996.5
73021 318323 6679186.0
168659 397972 6672042.5
125290 377120 6311743.5
259605 318054 6428693.0
255092 303292 6534184.5
16239 41658 6397372.5
136865 324184 6861273.5
422759 244693 7141812.0
329702 394149 7520174.0
172287 433914 6854451.0
113191 7110 6684344.5
276605 316231 6747031.0
20925 248225 6948313.0
190257 350412 7284407.0
304910 371513 6948574.5
8253 310016 6394563.5
180153 289354 6457463.5
161219 247040 6342019.0
288230 299820 7036994.0
410079 394284 7519780.0
318445 266465 6330304.5
307014 290024 6558336.5
361176 203688 6327633.0
296543 197757 6294572.0
424526 316197 7577565.0
376905 421065 6324143.0
309622 17657 6286654.5
52199 324949 6527037.5
376047 426233 6477665.0
396219 71620 7248646.5
181458 312279 6770072.5
379422 251050 6715902.5
82187 350852 7120419.0
410261 354562 6279110.5
329751 175077 6347139.5
392782 419062 6611926.5
382594 433029 6424448.0
393066 56417 6581162.5
304431 247145 6780364.5
242367 183956 6568771.0
311500 160090 6252022.5
308904 77629 6615549.5
330218 82971 6287464.0
377134 90047 6358158.5
192068 410591 6470241.5
302057 281483 6859858.5
393567 419175 6785448.5
311971 433795 8161614.5
241041 108436 6584345.0
284977 40148 7484376.0
373590 46781 7724206.0
268659 394229 7122471.0
78441 287474 6941631.5
85478 382902 6429179.0
382720 112313 6347340.0
224396 321777 6491036.5
288502 170873 6297858.5
314804 342982 6282905.0
395776 184922 6479051.0
213907 241941 6562633.5
271920 381881 6358742.0
376105 75533 6286811.0
292147 429657 6781458.5
396998 265160 6526632.5
25718 292521 6476429.5
273460 317030 7254838.5
321702 287881 7581239.0
377096 277133 7024368.5
191068 424545 6396739.5
267565 358470 6339079.5
357343 292777 7612479.5
395196 159162 6355186.5
301340 16309 6380419.0
85444 237077 6715588.5
324905 211558 6343552.0
314169 209026 6612529.5
300621 48758 7089996.0
433601 395075 7512203.0
357356 75898 6303869.5
307942 327353 6426412.0
362820 322766 6330464.5
93295 351237 7294209.0
362331 314338 6594527.5
322885 14588 6733535.0
297578 367511 6394613.5
78618 253365 6735350.0
285120 321767 7563948.5
65228 320312 6286032.0
279159 202051 6871165.5
80424 308262 6711284.0
394906 364485 6269104.5
107208 313288 6816512.0
59613 240785 6670386.5
72634 306647 7279077.5
248574 33236 6581276.5
249448 1500 6877945.5
315481 416107 7094471.5
304875 81168 6959995.5
12165 311990 6978078.0
423592 93330 6310714.0
325566 12765 6254525.5
202559 303766 6560816.0
283451 317234 7411026.5
177487 275362 6549157.5
309667 40430 6930405.5
113330 5635 6542882.0
86690 197201 6301471.0
331657 378469 6565937.5
417202 41943 6540734.0
142369 294410 6326581.5
395770 156614 6510059.5
396175 133580 6555141.5
142526 394704 6264416.5
394904 165053 6352383.0
55327 295548 6329571.5
187067 86480 6266661.0
317958 233526 6485066.5
109781 338532 6249425.0
384831 77795 6264659.5
53788 314813 6867652.5
49689 113009 7224213.5
282081 317992 6609239.5
250807 194731 6307835.0
63113 326201 6304486.5
40448 292977 6251728.0
424207 131392 6316726.5
191986 331596 6343059.5
431556 317672 7193885.5
326390 285934 7242453.0
246515 210573 6788722.0
313546 364030 6510300.5
409777 192826 6552181.0
174915 287888 6592542.0
42087 185341 6459596.0
385617 45991 7354588.0
312416 150378 6582538.0
319634 87826 6329230.5
383656 278951 6922805.0
302933 157923 6418437.5
304393 328762 6691406.0
365318 176012 6772034.0
178070 263789 6626273.0
427691 339576 6394007.5
291956 283006 6996608.0
395724 116045 6340296.5
47880 347883 6292629.5
53925 376574 6546901.5
44818 424653 6370380.5
3040 375344 6482203.5
88561 285822 6311693.0
207343 323442 6333657.5
91250 45164 6956113.5
277203 202106 6772956.5
43233 123160 6390987.0
42026 33129 6763291.0
164990 393076 6413458.0
44946 250333 6622901.0
425937 76153 6705541.0
298517 335628 6837540.0
154092 393959 6586931.5
255342 291186 6636968.5
305553 274519 6989136.5
336158 315411 6752260.0
301526 285134 7377773.5
191112 430621 6906488.0
376737 235914 7073699.0
243892 211329 6634696.5
273689 79407 6248757.5
390486 351043 7182646.0
309423 336532 6879519.0
403282 395689 6340954.5
24162 376039 6442068.5
196413 428969 6372631.5
278242 252914 6461529.0
296734 429387 6399450.5
359774 376367 6313322.5
13408 112077 6937369.5
322604 99431 6584732.5
298238 365604 6344319.5
285915 83108 6807437.0
86583 351025 7102388.5
306227 410727 6792801.5
20982 94829 6299732.0
246424 360955 6253531.0
139469 300138 6434644.0
81158 375027 6293545.0
311681 85596 6608335.0
315983 120681 6941175.0
355497 268263 6345134.0
311051 357522 7988772.0
281778 388245 6251735.0
369771 298692 6264419.5
329318 376002 6604251.0
163935 297668 6415525.0
45910 224174 6338526.0
311807 133327 7046616.5
273316 324958 6710874.5
242851 253782 7125643.0
358638 424406 6612738.0
275485 339221 6706310.0
138378 375241 6388479.5
408235 319480 6781993.5
263764 178678 6300408.5
263345 376510 6466239.5
40822 229520 6554153.5
364186 178034 6755239.0
240872 110214 6707334.0
331562 304883 6411760.5
296912 333253 6724306.0
315711 116328 6685642.0
305666 426775 6380998.0
425310 323128 6937724.0
408501 396687 7339621.0
84830 292079 6434305.5
298175 117454 6304278.0
244520 405912 6392801.0
240649 383697 6784151.0
318957 268252 6490676.0
133454 305605 6426874.0
53560 240748 6675869.5
316726 186919 6806384.5
270278 395530 7127395.5
322870 266975 6822688.0
313105 100331 6752386.5
244690 124104 6619299.0
290749 329571 6486967.5
46459 7685 6264066.5
273714 48111 6793629.5
19924 260398 6346866.5
239751 229624 6338006.5
307191 350681 6936608.0
94148 333614 6286933.5
313574 307509 6527815.5
295663 355439 7469709.5
275500 308683 6936593.5
222236 41133 6336871.0
164204 240917 6441572.5
357246 43707 6637082.0
14398 394721 6565509.0
315757 46133 7631435.5
375326 409969 7007664.0
377340 209044 6332107.0
45105 332569 6296588.0
296373 119081 6266277.0
286622 70091 6457649.5
284881 129281 6459193.0
136184 374745 6375335.5
