347948 221272 1199302.0
167824 73179 2011383.7
413750 403113 1693532.5
166421 30856 1701448.9
145881 237410 1792510.9
385545 129704 1323044.8
211737 133875 1714383.7
188252 412355 1567657.6
255147 214327 1164484.6
158798 57527 1783985.2
138495 102943 1269196.0
125091 265972 1418271.1
324911 302534 1554494.2
385789 352216 1843276.3
104245 66862 2034664.0
247060 394821 1592528.2
206297 157112 1383443.8
227937 370239 1826028.7
50721 331375 1619391.4
202148 74719 1972512.7
154193 59087 1696273.9
184788 416619 1690085.5
36981 68294 1955255.2
190 403091 2029131.7
251525 36646 1779454.6
390187 176491 1940364.7
282715 206026 1886010.1
152585 398830 1959573.4
68924 325859 2060584.0
358773 87610 1786098.4
220149 362450 1825140.4
72298 336676 1985512.3
373024 143921 1329568.0
250894 266083 1296049.3
431389 11596 2025550.6
158739 22917 1316623.3
134819 185797 1949374.6
359904 19075 1454002.0
253665 287549 1755871.9
409616 115206 1862107.0
75862 169614 1842428.5
10593 149383 1260511.9
88939 16953 1393365.4
255506 121169 1441006.9
204687 273205 1763006.2
226354 413818 1635078.4
53758 408621 2006063.8
72773 20704 1947151.6
141239 188036 1993657.3
220824 154966 1354840.0
158716 414101 2054652.1
102740 252967 1568783.5
176027 97024 1461236.2
78739 196663 1953615.4
344218 149077 1406866.3
283477 429138 1932181.0
401237 408004 1319870.5
272603 1181 1521684.7
73924 271574 1813324.3
287885 263986 1727643.4
106150 288149 2048388.1
38786 250927 2055405.4
428286 163887 1317465.7
88550 18684 1430042.2
265152 386684 1862323.9
106844 399636 1348656.1
213379 128018 1886011.9
335026 155036 1603577.5
283032 211650 1912095.7
103954 156394 1249496.8
23642 255047 1554851.5
345660 211277 1580113.6
418891 145086 1723148.8
69379 208596 1655546.2
317390 70266 1855771.0
63831 155710 1590392.5
71240 360685 1324903.3
263376 120091 1292770.6
141984 230898 1515309.1
154294 104126 1248252.1
327664 153459 2013361.0
272792 27547 1312913.5
296064 393210 1726676.8
191791 142386 2019210.1
133849 30952 1375144.9
188532 55296 1442154.4
105160 368061 1543472.8
362973 213050 1988815.3
202652 309244 1315927.6
368008 87783 1594905.1
128804 60009 1862120.5
271609 329880 1333015.0
27328 262591 1267342.0
275023 365110 1379187.7
129025 295202 1941939.7
346991 413780 1586621.5
66972 77755 1607222.5
245062 319575 1969945.0
125085 361848 1587611.5
69903 219177 1940811.1
132666 334841 2042735.2
282662 364402 1751817.4
132834 341301 1653426.7
371548 45251 1915937.8
51476 400709 1575983.5
188184 402215 1280844.7
365335 282949 1930060.6
49802 132228 1693553.2
284152 274033 1799613.7
365118 79803 1647299.5
109410 425725 1386146.5
227586 282308 1559571.1
376382 318197 2013176.5
60409 188364 1452274.0
167563 36184 1610305.9
73110 426541 1830322.6
401244 55410 1445827.3
412102 147315 1805715.7
133839 224157 1513762.0
39666 237334 1766716.9
101786 154123 1246597.9
381958 77752 1405845.7
210748 165054 1827549.7
123161 264649 1268350.9
296353 325550 1180696.3
185786 181826 1323083.5
13138 282433 1404581.2
190693 322025 1549185.1
22854 271394 1175553.7
216865 186649 1462026.4
27128 262444 1227238.9
313657 248848 1210257.7
390314 388374 1340819.8
260231 20166 1840910.2
364091 221071 1816930.6
164412 270671 1917609.1
104772 165701 1854435.4
160834 69435 1859793.1
221845 269909 1626179.2
122253 90886 1816721.8
216242 252981 1390881.4
134812 411767 1964534.2
340846 14892 1653437.5
256326 30528 1271490.1
88822 35197 2034656.8
185352 353793 1893631.3
142929 54193 2076516.7
231144 260218 1287658.6
322641 95680 1188365.2
37416 371696 1986172.9
395763 239849 1803185.8
405400 51774 1847605.3
150628 51514 1680907.3
411629 273427 1926009.7
273385 153325 2065205.5
20613 151518 1297595.5
109966 75440 1175136.1
284401 261293 1964845.6
290797 323005 1801447.0
274228 154452 2058801.1
37662 431506 2036161.6
73150 265420 1355146.0
94745 128396 1491190.0
151909 276189 1806458.2
104511 128253 1962727.9
256167 113724 1601576.8
149027 212887 1252470.4
216654 424395 1407736.6
162117 272322 2006845.9
266030 401192 1748376.7
366701 33946 1671334.9
403081 60402 1330711.0
56745 342321 1589802.1
74162 67831 1688411.5
250652 58013 1382946.1
170495 115418 1293141.4
361234 335090 1202562.7
406191 64555 1769974.0
60434 398961 1555837.9
420292 152746 1889083.6
163937 13465 1157310.7
301708 373578 1855911.4
377427 291919 1778369.2
67235 154525 1594430.8
228941 160321 1291382.8
54338 184881 1345098.4
164053 51777 1958541.1
393651 192310 2024368.0
274824 372100 1386094.3
277072 167459 1752162.1
184238 237692 1318120.9
410697 142790 1965859.9
130341 34548 1998187.0
9671 406290 1576607.2
16733 137498 1426505.2
348718 36433 1760064.1
385181 273527 1710660.4
25518 373059 1771632.7
80983 171111 1422253.6
182161 164033 1852362.7
399464 170380 1750262.2
233661 37300 1945464.1
373246 198267 1333603.6
90024 278668 1542958.0
103223 344562 1516563.7
131786 9319 1828432.6
424398 328904 1521819.7
415797 410466 1477261.6
281736 135983 1533417.1
276998 387329 1989805.3
341338 185947 1982331.7
236739 409988 1167873.1
407528 228216 1159388.8
362939 276882 1255960.6
151337 271259 1781949.4
317831 297396 1195075.6
220024 138601 1296010.6
23447 341467 1340492.2
382695 311355 1626580.6
121297 270354 1565380.6
128299 27918 2053064.5
341136 8473 1509717.4
105985 69158 1969250.2
151632 228523 1319014.6
7835 327883 1296005.2
413048 417786 1353968.8
368705 28862 1575244.6
104079 128012 1951993.6
288194 29204 1967950.6
430397 251984 1285195.3
411478 235136 1624507.9
71741 149404 1936924.9
168437 227387 1953056.5
69286 131177 1789801.9
24890 184290 1484174.5
332488 181948 1481056.0
122776 283119 1785418.0
24068 414858 1160669.5
261164 249911 1363620.4
404671 6841 1198792.6
282779 6717 1545430.3
129695 374883 1480894.0
279387 84665 1508275.6
140228 349188 1334507.2
145282 13992 1308908.5
371431 125335 1686945.4
86288 365335 1896082.0
140317 100130 1317976.9
340130 282319 1827902.5
153678 106106 1228318.0
88446 85760 1740025.6
416506 160781 1816181.8
327843 215725 1437801.1
392542 406324 1799833.3
103467 417361 1309624.0
109942 128527 1919209.3
382285 172437 1775533.3
412756 33778 1861315.9
128483 307911 1919825.8
139616 58026 1686583.6
3803 251813 1504110.4
252661 214767 1282688.8
413056 119485 1979386.0
366553 69974 1611638.8
365969 138582 1378692.7
347751 364767 1706616.7
165519 164160 1747456.9
433558 418413 1916224.0
303184 43993 1425800.5
157265 8671 1298989.6
405206 391920 1692581.2
129369 173191 1173182.2
217677 159982 1214614.6
254186 221112 1306576.6
342610 102821 1498485.4
353261 302294 1847144.5
254619 339818 1986635.5
208220 167163 1601393.2
344920 53873 1512558.7
209209 204303 2019150.7
121670 332524 1623175.0
221438 253230 1726610.2
59540 186101 1469872.6
139763 8724 1264595.2
340667 75222 1182256.9
346618 106623 1480043.5
129823 69341 1664648.8
1509 169453 1976543.8
209783 403265 1222196.2
66759 230709 1917956.5
181334 330846 1809461.5
87835 132195 1379024.8
140055 407460 1181755.6
104615 264272 1272015.7
243518 326314 2074693.3
209087 139735 1438907.2
140408 334850 1665253.6
204898 340549 1974553.0
107472 398926 1455160.3
70899 212703 2009249.8
271988 107997 1766736.7
54941 117720 1171627.0
265014 329206 1860223.3
157674 38087 1484089.0
292583 175893 1701387.7
103569 328119 1465668.7
341128 422703 1585087.0
49541 155342 2048318.8
410365 36718 1277511.1
225357 263323 1205286.1
415077 146885 1864174.3
396078 339133 1154103.1
160792 73229 1567191.4
333059 275687 1487995.9
364030 274227 1491109.0
364528 115849 1520539.0
141279 67519 2033222.2
130594 55464 1689578.8
182765 3122 1951912.6
265452 146967 2004838.0
270757 157511 2068372.6
70765 117259 1882273.3
319448 293753 1748690.8
10821 149449 1391135.2
64109 238830 1837579.3
368691 36570 1612555.0
125296 361124 1837379.5
406604 26390 1384474.3
72151 409592 1984159.6
401915 422850 1817423.8
343450 156964 1480606.0
44279 357536 1379259.7
406671 281875 1918273.3
422737 120938 1256433.1
95049 378055 1865203.0
159653 278440 2027077.9
230 115406 1413377.8
165403 361811 1271531.5
239518 183483 1361368.6
38097 139959 1250528.2
157363 429975 1933611.1
197032 42578 1773386.8
24666 184552 1366166.5
257789 332579 1240831.6
327854 29080 1372109.2
102718 141701 1502470.6
193473 317744 1526932.6
203529 65569 2009033.8
80753 370979 1833465.4
324075 290791 1914167.5
168060 57433 2010943.6
343707 131963 1850437.6
361941 83838 2055329.8
15139 162747 1228345.9
180920 127639 1777508.8
192533 338080 1527024.4
102160 141512 1772317.6
365685 117658 1254290.2
334182 19277 2037032.8
162219 4474 1540585.6
225925 414210 1178927.8
171093 231161 1682097.1
414320 150591 1552871.5
391427 193351 1339053.1
89758 344688 1182535.0
394676 314127 1612767.4
257679 123607 1164796.0
289244 212339 2004361.0
133709 150309 1216231.9
155821 229712 1200674.5
425211 111263 1260717.1
286789 105588 2068317.7
261118 136809 1911298.3
250357 8573 1628888.2
13159 154752 1285457.2
418342 155969 1613132.8
174875 92519 1305063.7
259521 118076 1386946.6
237951 182026 1375726.3
150698 53708 1706227.9
158523 209289 1365763.3
282452 225456 1497429.7
264358 207980 1559693.5
205009 3947 1877401.6
399136 254895 1593514.6
137909 180845 1546560.7
109190 341031 1530189.7
99448 414941 1176388.9
131435 406318 1855233.7
140007 209957 1655516.5
213019 341005 1396357.9
217995 408097 1886743.6
238304 164715 2053666.6
342342 100023 1559877.1
251902 32750 1788321.4
430287 118803 1417847.2
204345 4509 1813305.4
327580 339859 1980317.5
184583 272134 1687917.4
289725 267456 1858075.9
228270 166764 1677384.7
328328 221726 1499166.7
425439 1038 1222464.4
183963 347247 1581602.2
31164 68793 2058474.4
158439 90208 1281375.7
365352 206961 1975536.7
222310 153856 1288125.7
300675 394837 1704863.5
20749 180673 1239453.7
134535 74876 1213900.9
18939 405963 2037082.3
161593 6864 1276324.0
78925 159141 2032786.6
226481 283539 1912143.4
182729 22775 1905225.1
368114 2509 1837630.6
34772 207091 1332728.8
163382 33509 1219255.9
237738 227934 1590046.0
139981 370487 1146499.0
340754 176572 1949173.9
327117 258272 1486908.7
152469 87993 1199713.3
98778 426604 1216572.1
116272 87464 1976614.0
303340 91849 2055672.7
60915 204757 1984619.5
415477 149513 1558420.0
408760 12857 1305384.1
6660 408925 1921728.4
266483 146295 1674262.6
105054 252435 1428438.4
366762 354950 1833178.3
353584 290237 1634711.2
289544 33622 2068017.1
296168 173786 1512626.2
69082 74487 1776950.8
25566 262203 1170014.2
200720 139474 1723103.8
234656 287775 2076820.0
377354 298325 1535011.0
209284 410563 1597228.9
351279 428639 1932019.9
16481 401481 1223206.9
214937 412747 1858181.2
406126 54583 1636936.9
182803 219274 1421294.2
321021 177112 1532611.6
138130 58042 1502070.1
153848 82281 2035653.1
174021 184690 1663314.1
225145 265997 1340757.7
156364 49872 2012230.6
97385 371802 1860178.3
90671 333999 1659172.3
434141 72189 1658189.5
219787 351400 1924707.4
88672 336920 1664311.3
272307 140842 1980975.4
32160 329986 1343443.3
253878 133911 1717839.7
38349 267852 1236505.3
410815 108775 1766882.5
129932 179687 1362712.3
157416 238419 1836965.5
134562 270695 1708968.4
255784 341186 2058756.1
64771 283870 1918691.8
102697 67999 1948282.0
2137 289220 1841470.0
54351 144229 1680226.9
157183 258398 1942322.2
239800 395870 1959402.4
128519 208067 1822623.1
149688 53585 1762040.5
225359 255305 1407269.5
13562 158568 1578418.9
195635 70726 1628580.4
363542 69532 1466559.7
93210 354440 1183940.8
140382 59266 1513728.7
116437 331016 1874484.7
402502 141681 2014170.1
334400 169748 2053013.2
16803 344354 1792742.2
144290 54129 1675308.4
254135 23322 1319997.4
254443 347335 1623737.5
330485 431251 1798041.4
115559 405994 1182941.8
197172 293537 1941352.0
65381 128136 2043263.5
368818 60551 2008621.6
224175 152790 1169646.1
428428 148512 1838003.2
378871 89642 1771723.6
341905 14997 1657612.6
345103 197564 1634416.9
118819 372353 1952995.3
422758 407715 1802678.2
115583 272363 1605276.7
354809 171934 1416195.7
343045 59264 1582035.1
40227 19980 1585720.6
187722 12289 1597856.2
400594 97466 1599589.6
192523 378751 1873923.1
260839 146674 1945239.1
198037 403933 1732220.8
372005 343175 1917934.0
205509 23580 1996981.9
35541 424887 1710853.0
412386 183935 1795625.8
150081 199818 1545080.2
140142 348387 1302343.0
179203 191669 1674596.5
214918 183339 1606156.9
347082 116198 1612772.8
137484 364717 1208615.2
329226 100879 1603694.5
340242 209456 1248468.1
69466 79704 1662443.8
399003 416781 2027705.2
127361 265078 1794886.0
382504 377642 1786577.2
152767 267448 1826719.9
406197 58392 1713634.9
92176 393067 2060879.2
69917 79452 1552137.1
262431 347104 1729245.4
77575 68665 1851573.4
94470 297346 1207323.7
56208 329851 1342615.3
159788 427086 1560864.4
350696 330608 1434399.1
32056 398565 1346181.1
35197 187954 1402081.9
230600 127885 1887685.0
257456 329687 1399935.4
171759 9149 1841004.7
343722 31025 1679478.1
410440 136593 1386295.0
399363 386137 1454570.8
136774 235999 1750097.5
113297 92670 1686094.9
3587 153217 1414593.7
182374 111288 2053241.8
32501 185030 1333170.7
123906 420636 1230558.1
183059 384473 1659047.2
432027 355967 1946991.4
149491 429352 1932972.1
251265 59710 1350108.7
297046 323273 1461195.7
341320 26723 1383900.1
369258 3059 1964284.9
188139 106687 1211883.1
352566 68878 1495442.5
430535 400812 2025021.4
311450 298180 2031788.5
289383 211124 2040574.3
187460 227936 1199170.6
84696 166311 1818494.8
27490 165671 1697817.4
380439 70649 1279529.8
374463 385325 1365319.6
409365 15028 1859963.2
343378 218772 1240344.7
121146 421168 1144787.2
231991 346441 1458066.4
429343 27915 1214849.5
166707 3139 2014918.0
39640 130243 1769763.4
374934 95918 2027311.9
229934 68250 1696141.6
370987 117167 1692914.2
406985 191549 2006111.5
82505 90907 1330504.0
69379 142631 1995210.7
135350 253693 1817063.8
421429 138122 1785282.1
150424 168783 1217291.2
171638 205790 2079685.6
332366 109481 1178082.7
137157 57728 1493900.8
281243 106596 2028361.3
9539 145630 1379618.8
158551 90751 1400112.7
288396 425189 1586193.1
137852 56436 1535190.1
238883 226532 1722670.0
269639 124673 1365574.3
119193 362318 1612420.0
250891 184149 1843693.9
348996 184054 1760566.3
121055 426487 1323898.9
408103 25208 1994697.7
161337 37211 1264827.4
30338 170203 1619118.7
141071 360967 1332461.5
332449 24004 1256254.9
220523 167848 1666164.4
430260 212771 1193604.1
250382 213605 1713335.2
239409 391209 1791502.9
320675 173488 1839685.3
184676 266536 1354888.6
306146 308689 1212742.6
122524 257595 1152235.6
52926 140011 1903455.7
418623 185732 1772814.4
129170 204108 1925678.5
12305 346049 1992703.3
54423 410575 1850308.9
273548 403051 1923721.0
135884 264635 1826949.4
416102 164674 1630605.4
185813 125096 1901511.7
129477 214687 1402832.5
372397 335567 1368459.7
168140 210915 1968150.4
344165 136181 1738448.8
189611 91685 1177921.6
34767 54564 1341059.2
184108 118675 1467826.0
137765 209893 1222562.5
362588 35042 1631227.3
53994 135019 1312980.1
106468 368046 1536218.8
404012 13453 1707424.0
35826 157651 1172521.6
142561 26310 1477213.9
153084 197698 1494439.9
238912 389524 1723889.5
311324 173650 1811941.9
201193 50000 1662819.1
409249 38196 1924218.7
27266 205357 1883805.1
360515 159081 1346407.9
371293 138863 1728304.9
259063 340325 1841373.7
183989 134358 2008303.9
370194 123643 1618356.4
252167 104446 1451104.9
143116 216952 1926102.4
150768 213373 1371725.8
99205 251833 1632174.1
104996 238754 1735934.2
391715 40570 1880023.3
131069 192600 1191091.3
207885 405802 1238458.3
159812 197833 1857502.6
142812 416243 1974571.0
73812 170760 2029307.2
330480 411136 1185487.9
414973 231227 1589727.4
330997 256784 1454729.2
158591 37385 1232082.7
71119 104386 1866615.1
167925 14694 1862708.2
130402 382887 1732553.8
155909 54099 1790615.5
367791 111787 1979638.9
153654 371871 1156734.7
435432 235546 1733648.2
218074 144466 1281551.2
24237 131159 1752306.1
163443 29685 1248775.0
425894 161816 1514820.4
355778 199946 2058971.2
256511 75044 1177089.1
50671 144600 1972063.6
186231 214723 1320322.3
49404 140770 1662770.5
348639 407372 1297186.9
54990 328906 1557943.9
187459 162137 2079692.8
204184 253671 1149722.8
105547 411921 2066381.8
265999 204499 1655077.3
69777 221996 2036124.7
405309 392189 1491692.2
180070 294561 1563079.3
413111 220150 1721345.2
83304 373153 1724951.5
330756 123012 1791970.9
285190 431851 1706583.4
259586 123501 1197125.8
157256 195742 1992626.8
137054 422550 1734607.6
291505 377370 1643189.2
402659 270484 1884828.4
79149 276973 1194145.9
344440 392477 1481554.6
170570 415285 2076307.0
368235 17556 1686862.6
340362 273165 2000142.7
239231 5071 1889506.6
214793 327187 1462017.4
171700 145950 1398079.6
400084 106244 1298829.4
2302 425710 1286606.5
366302 343042 1814835.4
187975 24210 1425436.9
146255 34807 1225440.7
26991 282305 1420257.4
94912 128114 1913122.6
61570 328905 1472662.6
59015 408828 1886254.9
138254 405896 1187595.7
159827 20475 1313708.2
71409 290103 1966924.6
12989 399735 1458687.4
3817 363337 2007212.2
332267 140734 1781755.0
251081 107211 1879756.9
259887 12563 1261966.3
161284 50745 1528311.4
187071 173279 1805798.5
272433 332234 1328640.1
423044 132210 1865857.3
328670 268673 1377619.0
27332 251848 1805035.3
265223 113458 1572027.1
209267 151580 1354589.8
234691 288649 2025653.2
238079 367862 2066478.1
226525 340671 1393269.1
119989 166583 1241592.1
98056 204422 1904441.2
216 226862 1586932.9
401662 14976 1241230.3
224388 187593 1770298.9
359719 193815 2021699.5
189255 323145 1673982.7
140739 104227 1506426.1
73468 239384 1499110.0
158533 12961 1429257.4
251582 421611 1219481.8
353592 195207 1847938.3
185789 216052 1391651.8
181494 159723 1511027.8
277038 162130 2035796.2
151383 101274 1179308.5
82509 390971 1534988.5
168980 389813 1593031.3
153662 63423 1771606.6
226670 270808 1273782.4
89383 335188 1782164.5
9887 286793 1996128.7
160454 336359 1793901.4
5420 159653 1410519.4
378414 43271 1663695.7
333046 407089 1685347.9
370738 403512 1530886.3
133815 113521 1352626.0
259006 207721 1164223.6
133705 411113 1603161.7
258321 118275 1213105.3
68610 365111 1694739.4
28164 89494 1869978.4
147862 167642 1573978.3
327086 111221 1673609.2
126488 385279 1419459.1
400144 220752 1171186.0
418189 282748 1847424.4
1410 263405 1299810.4
121749 340569 1368972.7
217639 280778 2062853.8
372400 37040 1976996.5
134941 270361 1868273.8
161384 336388 1930251.4
348390 220218 1245249.7
266950 206359 1164526.0
328438 120333 1564892.8
186672 383055 1820212.9
166931 114699 1514990.5
89099 159473 1332172.6
138514 88605 1576678.3
347125 262721 1592644.3
150941 422645 1893914.8
132309 361407 1451235.4
399720 263616 1784501.8
356114 86861 1405351.6
347872 61520 1635771.4
79458 303502 1285075.6
152944 359748 1253532.4
147408 282676 1172203.0
196354 321691 1973095.9
118466 90064 2038084.0
144076 265921 1981355.2
356213 133453 2053187.8
391882 353982 1706909.2
405721 211032 1440911.5
399519 269648 1567562.2
132857 163530 1495270.6
209562 171524 1816994.5
156557 169901 1506946.3
126467 184616 1689201.7
181176 407586 1826110.6
322990 303653 1985158.6
135504 326969 1770672.4
69048 131802 1409519.5
1281 150738 1607842.6
71119 192032 1556085.4
201136 147824 1688966.8
343600 369033 1803454.0
371559 278412 1556571.4
165676 201129 1355987.5
147969 67446 1937988.7
277086 47337 1938226.3
183340 11380 1990310.2
158107 215446 1412384.2
250233 268236 1167376.3
88012 160494 1351278.7
23843 157840 1174059.7
106049 158779 1371580.0
199786 147681 1639222.9
205405 34016 1918046.5
104053 143161 1901474.8
295536 195583 2023737.1
261616 118141 1337223.4
184428 26425 1517536.6
68476 197573 1617033.4
149469 169878 1441293.1
67097 354404 1415751.1
166510 29540 1734812.8
354000 295500 1695446.8
328185 264725 1246565.5
283070 217858 1852404.1
282553 422438 1888518.4
181 214216 1378911.4
256965 340098 1561054.3
363913 84828 1796985.7
221242 128345 1749052.6
211588 412878 1789846.0
208537 185727 1653800.2
280709 156199 1349710.0
60256 269197 1298473.0
211439 251250 1532692.6
206033 128324 1710869.2
71739 152884 1873006.0
399293 36751 1325678.2
108146 370320 1823502.4
415198 143804 1377815.2
133659 231080 1707928.9
172998 318726 1818531.7
121877 410456 1680150.4
30645 273115 1319106.4
204738 31535 2052834.1
283544 158677 1686060.7
195580 68748 1367907.1
203975 309137 1380994.9
401762 7397 1317326.2
63358 159447 1721318.2
105747 273962 1636770.4
366377 349258 1604154.4
157915 109579 1210673.5
250746 230891 1756639.6
210038 369783 2016407.5
192610 353881 1867054.3
403128 272369 1978306.9
219317 365631 1915218.7
155648 7263 1269160.9
346359 20049 1556327.5
331057 282193 1601586.7
363397 388669 1795284.7
421697 229537 1162307.5
402005 31072 1491655.3
119740 166153 1328801.2
140743 74197 1849240.6
169592 146010 1407428.8
70018 139404 2010949.9
9226 368889 1706924.5
342126 21546 1383945.1
219780 152835 1241774.8
216067 426815 1508318.8
129667 68332 1547192.5
170752 343673 1585048.3
92937 179858 1371630.4
137948 170917 1660426.0
306152 307562 1413428.2
385256 271176 1847056.3
418935 287062 1635021.7
124667 348861 1269969.1
379658 362560 2054370.4
144209 413230 1918552.3
31369 331740 1327062.4
344953 12599 1441998.7
420402 219632 1193524.0
142680 55444 1924283.5
198399 160903 1932397.9
49243 44797 1203296.2
200979 155544 1698678.7
55 116856 1513390.3
267483 124810 1275831.7
144916 73117 1724821.9
113543 70031 1759776.1
344842 63370 1671100.0
202789 259546 1681056.7
392373 365179 2078007.1
182008 424271 2051607.4
200574 50491 1937172.4
360468 83425 1373175.7
210893 254880 1707577.0
246310 320390 1997096.2
16095 187130 1302344.8
155145 64167 1886890.3
332536 51247 1382377.3
365048 208458 1735351.0
288070 108528 2046244.3
60550 400220 1249264.6
272333 122642 1433012.2
399859 100350 1198749.4
366420 221762 1777357.6
359129 237366 1754478.7
133815 368247 1481544.7
79141 372245 1214542.6
257438 73300 1285062.1
184112 261562 1701719.8
199241 151158 1726706.5
253950 225689 1373430.4
359255 356761 1937497.3
55697 137232 1455059.5
13840 373163 1980740.5
200641 69187 2058166.6
283051 222984 1865365.9
222285 430286 1298077.0
419210 157700 1693409.2
408185 132900 1671553.6
259102 154670 1870477.9
80657 166526 1530318.4
180748 424440 1540522.6
260477 74554 1984586.2
68787 80166 1847786.2
422635 254930 1235580.1
364906 85810 2071751.2
54133 145128 1710267.1
8306 131504 1869801.1
591 133820 1159949.5
231795 184302 1433169.7
156865 250262 1909967.2
170842 122860 1568546.8
369024 335082 1423750.3
377597 177767 1230673.3
160435 221196 1173317.2
215899 237417 2080066.3
225958 237403 2038674.4
160533 6805 1252381.3
333026 159488 1337512.3
64968 12582 1161145.6
164147 367538 1181162.5
125027 281970 1576078.0
118516 283759 1785253.3
406949 104764 1484907.1
35840 237461 1791199.6
221729 150637 1166074.9
368118 34961 1471651.9
29405 157098 1219911.1
410497 153801 1934107.9
373084 220839 1876369.3
101158 157480 1249775.8
182861 23322 1340230.3
346569 6358 1528416.7
115393 348488 1259315.8
379204 80212 1211767.0
84288 170363 1979650.6
332415 38542 1183786.9
272153 36622 2006088.1
115048 170770 1359373.3
368511 345876 1180322.8
312742 292365 1819187.8
330845 271443 1800485.8
130064 205307 1819004.2
84356 171110 1665902.5
411192 32106 1280319.1
339057 245792 1913970.4
53883 135845 1527209.8
236222 48722 1587884.2
130965 52848 1928257.9
408057 236390 1203735.4
68718 380973 1649006.8
29168 272346 1386132.1
216247 186616 1413373.3
182111 420970 1266829.0
70113 109204 1982703.4
171368 32853 1703433.4
168862 103109 1986975.7
409634 57948 1819695.4
22231 406426 1326399.1
20139 233451 1932958.6
331743 144001 1901078.8
418872 289865 1938086.8
151623 261916 2024773.0
187094 260742 1508028.1
67712 32758 1815917.2
372185 347591 1960869.4
388318 43244 1828854.7
296831 195198 2070903.4
