347948 221272 1395210.0
167824 73179 2026829.1
413750 403113 1779611.5
166421 30856 1785768.7
145881 237410 1856594.7
385545 129704 1491454.4
211737 133875 1795829.1
188252 412355 1681708.8
255147 214327 1368129.8
158798 57527 1849963.6
138495 102943 1449572.0
125091 265972 1565519.3
324911 302534 1671470.6
385789 352216 1896078.9
104245 66862 2044936.0
247060 394821 1701052.6
206297 157112 1538431.4
227937 370239 1882664.1
50721 331375 1721946.2
202148 74719 1996596.1
154193 59087 1781743.7
184788 416619 1776930.5
36981 68294 1983173.6
190 403091 2040633.1
251525 36646 1846439.8
390187 176491 1971592.1
282715 206026 1929316.3
152585 398830 1986532.2
68924 325859 2065096.0
358773 87610 1851607.2
220149 362450 1881973.2
72298 336676 2006706.9
373024 143921 1496528.0
250894 266083 1470457.9
431389 11596 2037847.8
158739 22917 1486459.9
134819 185797 1978599.8
359904 19075 1593310.0
253665 287549 1828097.7
409616 115206 1910725.0
75862 169614 1895419.5
10593 149383 1442817.7
88939 16953 1546148.2
255506 121169 1583202.7
204687 273205 1833646.6
226354 413818 1734147.2
53758 408621 2022691.4
72773 20704 1976870.8
141239 188036 2013041.9
220824 154966 1516184.0
158716 414101 2060482.3
102740 252967 1682584.5
176027 97024 1598936.6
78739 196663 1981898.2
344218 149077 1556648.9
283477 429138 1965227.0
401237 408004 1488985.5
272603 1181 1645952.1
73924 271574 1872782.9
287885 263986 1806142.2
106150 288149 2055610.3
38786 250927 2061068.2
428286 163887 1487115.1
88550 18684 1574674.6
265152 386684 1910893.7
106844 399636 1511374.3
213379 128018 1929317.7
335026 155036 1709646.5
283032 211650 1949605.1
103954 156394 1434250.4
23642 255047 1671748.5
345660 211277 1691396.8
418891 145086 1802646.4
69379 208596 1750066.6
317390 70266 1905797.0
63831 155710 1699391.5
71240 360685 1492899.9
263376 120091 1467907.8
141984 230898 1640993.3
154294 104126 1433282.3
327664 153459 2028367.0
272792 27547 1483574.5
296064 393210 1805390.4
191791 142386 2032916.3
133849 30952 1531976.7
188532 55296 1584095.2
105160 368061 1662898.4
362973 213050 2009275.9
202652 309244 1485918.8
368008 87783 1702901.3
128804 60009 1910735.5
271609 329880 1499209.0
27328 262591 1448130.0
275023 365110 1535121.1
129025 295202 1972817.1
346991 413780 1696458.5
66972 77755 1712481.5
245062 319575 1994599.0
125085 361848 1697228.5
69903 219177 1971939.3
132666 334841 2051213.6
282662 364402 1824944.2
132834 341301 1748418.1
371548 45251 1952593.4
51476 400709 1688184.5
188184 402215 1458632.1
365335 282949 1963577.8
49802 132228 1779627.6
284152 274033 1862119.1
365118 79803 1743652.5
109410 425725 1540533.5
227586 282308 1675419.3
376382 318197 2028223.5
60409 188364 1591966.0
167563 36184 1714879.7
73110 426541 1886003.8
401244 55410 1586951.9
412102 147315 1866865.1
133839 224157 1639790.0
39666 237334 1836532.7
101786 154123 1431995.7
381958 77752 1555855.1
210748 165054 1883847.1
123161 264649 1448914.7
296353 325550 1380738.9
185786 181826 1491484.5
13138 282433 1554871.6
190693 322025 1667341.3
22854 271394 1376739.1
216865 186649 1599551.2
27128 262444 1416938.7
313657 248848 1403731.1
390314 388374 1505279.4
260231 20166 1894238.6
364091 221071 1875587.8
164412 270671 1953893.3
104772 165701 1904758.2
160834 69435 1908925.3
221845 269909 1727225.6
122253 90886 1875425.4
216242 252981 1544216.2
134812 411767 1990390.6
340846 14892 1748426.5
256326 30528 1451356.3
88822 35197 2044930.4
185352 353793 1935243.9
142929 54193 2077488.1
231144 260218 1463931.8
322641 95680 1386703.6
37416 371696 2007220.7
395763 239849 1864897.4
405400 51774 1899445.9
150628 51514 1769791.9
411629 273427 1960427.1
273385 153325 2068690.5
20613 151518 1471660.5
109966 75440 1376414.3
284401 261293 1990632.8
290797 323005 1863545.0
274228 154452 2063709.3
37662 431506 2046100.8
73150 265420 1516422.0
94745 128396 1622234.0
151909 276189 1867442.6
104511 128253 1988985.7
256167 113724 1708090.4
149027 212887 1436563.2
216654 424395 1557325.8
162117 272322 2023299.7
266030 401192 1822268.1
366701 33946 1762346.7
403081 60402 1497417.0
56745 342321 1698932.3
74162 67831 1775628.5
250652 58013 1538044.3
170495 115418 1468196.2
361234 335090 1397746.1
406191 64555 1839066.0
60434 398961 1672515.7
420292 152746 1931706.8
163937 13465 1362550.1
301708 373578 1905906.2
377427 291919 1845595.6
67235 154525 1702532.4
228941 160321 1466828.4
54338 184881 1508607.2
164053 51777 1985729.3
393651 192310 2036928.0
274824 372100 1540492.9
277072 167459 1825212.3
184238 237692 1487624.7
410697 142790 1991421.7
130341 34548 2016565.0
9671 406290 1688669.6
16733 137498 1571923.6
348718 36433 1831358.3
385181 273527 1792933.2
25518 373059 1840356.1
80983 171111 1568616.8
182161 164033 1903146.1
399464 170380 1823734.6
233661 37300 1975558.3
373246 198267 1499666.8
90024 278668 1662498.0
103223 344562 1641969.1
131786 9319 1884533.8
424398 328904 1646057.1
415797 410466 1611400.8
281736 135983 1655077.3
276998 387329 2010045.9
341338 185947 2004233.1
236739 409988 1370765.3
407528 228216 1364166.4
362939 276882 1439277.8
151337 271259 1848380.2
317831 297396 1391922.8
220024 138601 1470427.8
23447 341467 1505024.6
382695 311355 1727537.8
121297 270354 1679937.8
128299 27918 2059247.5
341136 8473 1636644.2
105985 69158 1994058.6
151632 228523 1488319.8
7835 327883 1470423.6
413048 417786 1515506.4
368705 28862 1687609.8
104079 128012 1980636.8
288194 29204 1993047.8
430397 251984 1462015.9
411478 235136 1725925.7
71741 149404 1968916.7
168437 227387 1981463.5
69286 131177 1854487.7
24890 184290 1616777.5
332488 181948 1614352.0
122776 283119 1851078.0
24068 414858 1365162.5
261164 249911 1523013.2
404671 6841 1394813.8
282779 6717 1664420.9
129695 374883 1614226.0
279387 84665 1635522.8
140228 349188 1500369.6
145282 13992 1480459.5
371431 125335 1774488.2
86288 365335 1937150.0
140317 100130 1487512.7
340130 282319 1884121.5
153678 106106 1417778.0
88446 85760 1815772.8
416506 160781 1875005.4
327843 215725 1580709.3
392542 406324 1862289.9
103467 417361 1481016.0
109942 128527 1955137.9
382285 172437 1843389.9
412756 33778 1910109.7
128483 307911 1955617.4
139616 58026 1774206.8
3803 251813 1632283.2
252661 214767 1460066.4
413056 119485 2001942.0
366553 69974 1715916.4
365969 138582 1534736.1
347751 364767 1789788.1
165519 164160 1821552.7
433558 418413 1952816.0
303184 43993 1571375.5
157265 8671 1472744.8
405206 391920 1778871.6
129369 173191 1374894.6
217677 159982 1407119.8
254186 221112 1478645.8
342610 102821 1627908.2
353261 302294 1899087.5
254619 339818 2007580.5
208220 167163 1707947.6
344920 53873 1638854.1
209209 204303 2032870.1
121670 332524 1724889.0
221438 253230 1805338.6
59540 186101 1605653.8
139763 8724 1445993.6
340667 75222 1381952.7
346618 106623 1613564.5
129823 69341 1757146.4
1509 169453 1999731.4
209783 403265 1413016.6
66759 230709 1954163.5
181334 330846 1869778.5
87835 132195 1534994.4
140055 407460 1381562.8
104615 264272 1451765.1
243518 326314 2076069.9
209087 139735 1581569.6
140408 334850 1757616.8
204898 340549 1998183.0
107472 398926 1594210.9
70899 212703 2025169.4
271988 107997 1836548.1
54941 117720 1373685.0
265014 329206 1909259.9
157674 38087 1616711.0
292583 175893 1785721.1
103569 328119 1602384.1
341128 422703 1695265.0
49541 155342 2055556.4
410365 36718 1456039.3
225357 263323 1399864.3
415077 146885 1912332.9
396078 339133 1360055.3
160792 73229 1681346.2
333059 275687 1619749.7
364030 274227 1622171.0
364528 115849 1645061.0
141279 67519 2043814.6
130594 55464 1776536.4
182765 3122 1980573.8
265452 146967 2021738.0
270757 157511 2071153.8
70765 117259 1926409.9
319448 293753 1822512.4
10821 149449 1544413.6
64109 238830 1891647.9
368691 36570 1716629.0
125296 361124 1891492.5
406604 26390 1539232.9
72151 409592 2005654.8
401915 422850 1875971.4
343450 156964 1614002.0
44279 357536 1535177.1
406671 281875 1954409.9
422737 120938 1439645.3
95049 378055 1913133.0
159653 278440 2039035.7
230 115406 1561713.4
165403 361811 1451388.5
239518 183483 1521261.8
38097 139959 1435052.6
157363 429975 1966339.3
197032 42578 1841720.4
24666 184552 1524993.5
257789 332579 1427510.8
327854 29080 1529615.6
102718 141701 1631007.8
193473 317744 1650033.8
203529 65569 2025001.4
80753 370979 1888448.2
324075 290791 1951216.5
168060 57433 2026486.8
343707 131963 1901648.8
361941 83838 2061009.4
15139 162747 1417799.7
180920 127639 1844926.4
192533 338080 1650105.2
102160 141512 1840888.8
365685 117658 1437978.6
334182 19277 2046778.4
162219 4474 1660652.8
225925 414210 1379363.4
171093 231161 1770717.3
414320 150591 1670208.5
391427 193351 1503905.3
89758 344688 1382169.0
394676 314127 1716794.2
257679 123607 1368372.0
289244 212339 2021367.0
133709 150309 1408377.7
155821 229712 1396277.5
425211 111263 1442977.3
286789 105588 2071111.1
261118 136809 1948984.9
250357 8573 1729332.6
13159 154752 1462219.6
418342 155969 1717078.4
174875 92519 1477469.1
259521 118076 1541155.8
237951 182026 1532428.9
150698 53708 1789485.7
158523 209289 1524679.9
282452 225456 1627087.1
264358 207980 1675514.5
205009 3947 1922620.8
399136 254895 1701819.8
137909 180845 1665300.1
109190 341031 1652567.1
99448 414941 1377388.7
131435 406318 1905379.1
140007 209957 1750043.5
213019 341005 1548475.7
217995 408097 1929886.8
238304 164715 2059715.8
342342 100023 1675657.3
251902 32750 1853336.2
430287 118803 1565189.6
204345 4509 1872768.2
327580 339859 2002666.5
184583 272134 1775244.2
289725 267456 1907589.7
228270 166764 1767052.1
328328 221726 1628438.1
425439 1038 1413225.2
183963 347247 1692554.6
31164 68793 2063455.2
158439 90208 1459045.1
365352 206961 1998948.1
222310 153856 1464295.1
300675 394837 1788424.5
20749 180673 1426439.1
134535 74876 1406564.7
18939 405963 2046816.9
161593 6864 1455116.0
78925 159141 2043475.8
226481 283539 1949642.2
182729 22775 1944261.3
368114 2509 1891687.8
34772 207091 1498986.4
163382 33509 1410729.7
237738 227934 1699122.0
139981 370487 1354141.0
340754 176572 1978443.7
327117 258272 1618904.1
152469 87993 1395529.9
98778 426604 1408642.3
116272 87464 1999786.0
303340 91849 2061276.1
60915 204757 2006012.5
415477 149513 1674524.0
408760 12857 1477718.3
6660 408925 1957097.2
266483 146295 1764623.8
105054 252435 1573427.2
366762 354950 1888224.9
353584 290237 1733861.6
289544 33622 2070877.3
296168 173786 1638906.6
69082 74487 1844492.4
25566 262203 1372430.6
200720 139474 1802611.4
234656 287775 2077724.0
377354 298325 1656317.0
209284 410563 1704708.7
351279 428639 1965101.7
16481 401481 1413802.7
214937 412747 1907671.6
406126 54583 1735592.7
182803 219274 1567870.6
321021 177112 1654450.8
138130 58042 1630696.3
153848 82281 2045705.3
174021 184690 1756108.3
225145 265997 1505231.1
156364 49872 2027487.8
97385 371802 1909224.9
90671 333999 1752886.9
434141 72189 1752122.5
219787 351400 1959414.2
88672 336920 1756883.9
272307 140842 2003178.2
32160 329986 1507319.9
253878 133911 1798517.1
38349 267852 1424145.9
410815 108775 1836661.5
129932 179687 1522306.9
157416 238419 1891170.5
134562 270695 1791617.2
255784 341186 2063674.3
64771 283870 1954735.4
102697 67999 1977750.0
2137 289220 1894674.0
54351 144229 1769262.7
157183 258398 1973114.6
239800 395870 1986399.2
128519 208067 1880015.3
149688 53585 1832895.5
225359 255305 1556962.5
13562 158568 1690078.7
195635 70726 1729093.2
363542 69532 1603077.1
93210 354440 1383262.4
140382 59266 1639764.1
116437 331016 1920352.1
402502 141681 2028996.3
334400 169748 2059207.6
16803 344354 1856774.6
144290 54129 1765437.2
254135 23322 1489084.2
254443 347335 1725326.5
330485 431251 1860896.2
115559 405994 1382485.4
197172 293537 1972360.0
65381 128136 2051624.5
368818 60551 2024680.8
224175 152790 1372144.3
428428 148512 1891977.6
378871 89642 1840426.8
341905 14997 1751673.8
345103 197564 1733632.7
118819 372353 1981415.9
422758 407715 1864502.6
115583 272363 1710968.1
354809 171934 1563905.1
343045 59264 1692891.3
40227 19980 1695757.8
187722 12289 1705196.6
400594 97466 1706544.8
192523 378751 1919915.3
260839 146674 1975383.3
198037 403933 1809702.4
372005 343175 1954146.0
205509 23580 2015627.7
35541 424887 1793083.0
412386 183935 1859017.4
150081 199818 1664148.6
140142 348387 1475353.0
179203 191669 1764883.5
214918 183339 1711652.7
347082 116198 1716798.4
137484 364717 1402453.6
329226 100879 1709737.5
340242 209456 1433450.3
69466 79704 1755431.4
399003 416781 2039523.6
127361 265078 1858442.0
382504 377642 1851979.6
152767 267448 1883201.7
406197 58392 1795246.7
92176 393067 2065325.6
69917 79452 1669637.3
262431 347104 1807388.2
77575 68665 1902532.2
94470 297346 1401449.1
56208 329851 1506675.9
159788 427086 1676425.2
350696 330608 1578063.3
32056 398565 1509449.3
35197 187954 1552927.7
230600 127885 1930619.0
257456 329687 1551258.2
171759 9149 1894312.1
343722 31025 1768680.3
410440 136593 1540649.0
399363 386137 1593752.4
136774 235999 1823606.5
113297 92670 1773826.7
3587 153217 1562659.1
182374 111288 2059385.4
32501 185030 1499330.1
123906 420636 1419520.3
183059 384473 1752789.6
432027 355967 1976746.2
149491 429352 1965842.3
251265 59710 1512504.1
297046 323273 1598905.1
341320 26723 1538786.3
369258 3059 1990196.7
188139 106687 1404995.3
352566 68878 1625541.5
430535 400812 2037436.2
311450 298180 2042699.5
289383 211124 2049532.9
187460 227936 1395107.8
84696 166311 1876804.4
27490 165671 1782944.2
380439 70649 1457609.4
374463 385325 1524334.8
409365 15028 1909057.6
343378 218772 1427132.1
121146 421168 1352809.6
231991 346441 1596471.2
429343 27915 1407302.5
166707 3139 2029578.0
39640 130243 1838902.2
374934 95918 2039217.7
229934 68250 1781640.8
370987 117167 1779130.6
406985 191549 2022728.5
82505 90907 1497256.0
69379 142631 2014250.1
135350 253693 1875691.4
421429 138122 1850972.3
150424 168783 1409201.6
171638 205790 2079952.8
332366 109481 1378706.1
137157 57728 1624342.4
281243 106596 2040033.9
9539 145630 1535456.4
158551 90751 1551396.1
288396 425189 1696125.3
137852 56436 1656456.3
238883 226532 1802274.0
269639 124673 1524532.9
119193 362318 1716524.0
250891 184149 1896403.7
348996 184054 1831748.9
121055 426487 1492118.7
408103 25208 2013851.1
161337 37211 1446174.2
30338 170203 1721734.1
141071 360967 1498778.5
332449 24004 1439506.7
220523 167848 1758325.2
430260 212771 1390778.3
250382 213605 1795013.6
239409 391209 1855810.7
320675 173488 1893285.9
184676 266536 1516221.8
306146 308689 1405663.8
122524 257595 1358602.8
52926 140011 1942885.1
418623 185732 1841275.2
129170 204108 1960169.5
12305 346049 2012299.9
54423 410575 1901548.7
273548 403051 1958647.0
135884 264635 1883380.2
416102 164674 1730668.2
185813 125096 1941373.1
129477 214687 1553511.5
372397 335567 1526777.1
168140 210915 1993203.2
344165 136181 1814546.4
189611 91685 1378580.8
34767 54564 1505465.6
184108 118675 1604062.0
137765 209893 1413301.5
362588 35042 1731151.9
53994 135019 1483626.3
106468 368046 1657256.4
404012 13453 1790416.0
35826 157651 1374380.8
142561 26310 1611363.7
153084 197698 1624761.7
238912 389524 1803222.5
311324 173650 1871707.7
201193 50000 1755723.3
409249 38196 1959034.1
27266 205357 1927601.3
360515 159081 1509625.7
371293 138863 1806656.7
259063 340325 1894599.1
183989 134358 2024433.7
370194 123643 1721141.2
252167 104446 1591056.7
143116 216952 1960499.2
150768 213373 1529317.4
99205 251833 1731888.3
104996 238754 1812590.6
391715 40570 1924659.9
131069 192600 1388823.9
207885 405802 1425664.9
159812 197833 1907143.8
142812 416243 1998197.0
73812 170760 2040769.6
330480 411136 1384465.7
414973 231227 1698874.2
330997 256784 1593875.6
158591 37385 1420706.1
71119 104386 1914231.3
167925 14694 1911192.6
130402 382887 1809961.4
155909 54099 1855120.5
367791 111787 2002138.7
153654 371871 1362102.1
435432 235546 1810812.6
218074 144466 1459181.6
24237 131159 1825324.3
163443 29685 1433689.0
425894 161816 1640613.2
355778 199946 2063841.6
256511 75044 1377933.3
50671 144600 1996246.8
186231 214723 1489336.9
49404 140770 1755685.5
348639 407372 1471342.7
54990 328906 1674153.7
187459 162137 2079958.4
204184 253671 1356648.4
105547 411921 2069605.4
265999 204499 1749701.9
69777 221996 2046072.1
405309 392189 1622624.6
180070 294561 1678147.9
413111 220150 1801243.6
83304 373153 1804048.5
330756 123012 1856174.7
285190 431851 1789762.2
259586 123501 1393517.4
157256 195742 2012240.4
137054 422550 1811558.8
291505 377370 1740455.6
402659 270484 1928397.2
79149 276973 1391199.7
344440 392477 1614739.8
170570 415285 2077325.0
368235 17556 1774423.8
340362 273165 2018086.1
239231 5071 1932035.8
214793 327187 1599544.2
171700 145950 1549814.8
400084 106244 1472620.2
2302 425710 1463113.5
366302 343042 1873958.2
187975 24210 1571092.7
146255 34807 1415540.1
26991 282305 1567064.2
94912 128114 1950403.8
61570 328905 1607823.8
59015 408828 1929506.7
138254 405896 1386105.1
159827 20475 1484192.6
71409 290103 1992249.8
12989 399735 1596954.2
3817 363337 2023584.6
332267 140734 1848229.0
251081 107211 1924452.7
259887 12563 1443948.9
161284 50745 1651106.2
187071 173279 1866929.5
272433 332234 1495806.3
423044 132210 1913641.9
328670 268673 1533901.0
27332 251848 1866335.9
265223 113458 1685107.3
209267 151580 1515989.4
234691 288649 2037927.6
238079 367862 2069680.3
226525 340671 1546073.3
119989 166583 1428102.3
98056 204422 1943651.6
216 226862 1696700.7
401662 14976 1427820.9
224388 187593 1839318.7
359719 193815 2034852.5
189255 323145 1764406.1
140739 104227 1634084.3
73468 239384 1628394.0
158533 12961 1574064.2
251582 421611 1410905.4
353592 195207 1899704.9
185789 216052 1544815.4
181494 159723 1637663.4
277038 162130 2045816.6
151383 101274 1379659.5
82509 390971 1656299.5
168980 389813 1701443.9
153662 63423 1840335.8
226670 270808 1453139.2
89383 335188 1848547.5
9887 286793 2014964.1
160454 336359 1857676.2
5420 159653 1559490.2
378414 43271 1756405.1
333046 407089 1773245.7
370738 403512 1653108.9
133815 113521 1514462.0
259006 207721 1367926.8
133705 411113 1709323.1
258321 118275 1405945.9
68610 365111 1780550.2
28164 89494 1916847.2
147862 167642 1686624.9
327086 111221 1764115.6
126488 385279 1566443.3
400144 220752 1373342.0
418189 282748 1899305.2
1410 263405 1473383.2
121749 340569 1527176.1
217639 280778 2066861.4
372400 37040 2000083.5
134941 270361 1915521.4
161384 336388 1963726.2
348390 220218 1430947.1
266950 206359 1368162.0
328438 120333 1679558.4
186672 383055 1878140.7
166931 114699 1640745.5
89099 159473 1498553.8
138514 88605 1688724.9
347125 262721 1701142.9
150941 422645 1935464.4
132309 361407 1591158.2
399720 263616 1850365.4
356114 86861 1555470.8
347872 61520 1734686.2
79458 303502 1461922.8
152944 359748 1437389.2
147408 282676 1374133.0
196354 321691 1997049.7
118466 90064 2047596.0
144076 265921 2003473.6
356213 133453 2059343.4
391882 353982 1790015.6
405721 211032 1583128.5
399519 269648 1681634.6
132857 163530 1625407.8
209562 171524 1875637.5
156557 169901 1634488.9
126467 184616 1776243.1
181176 407586 1882727.8
322990 303653 2006431.8
135504 326969 1839609.2
69048 131802 1558712.5
1281 150738 1712963.8
71119 192032 1672708.2
201136 147824 1776060.4
343600 369033 1865106.0
371559 278412 1673086.2
165676 201129 1517076.5
147969 67446 1969744.1
277086 47337 1969928.9
183340 11380 2010438.6
158107 215446 1560940.6
250233 268236 1370378.9
88012 160494 1513414.1
23843 157840 1375577.1
106049 158779 1529204.0
199786 147681 1737370.7
205405 34016 1954233.5
104053 143161 1941344.4
295536 195583 2036437.3
261616 118141 1502482.2
184428 26425 1642725.8
68476 197573 1720112.2
149469 169878 1583425.3
67097 354404 1563559.3
166510 29540 1811718.4
354000 295500 1781100.4
328185 264725 1431970.5
283070 217858 1903178.3
282553 422438 1931267.2
181 214216 1534906.2
256965 340098 1676572.9
363913 84828 1860075.1
221242 128345 1822793.8
211588 412878 1854522.0
208537 185727 1748708.6
280709 156199 1512194.0
60256 269197 1472343.0
211439 251250 1654513.8
206033 128324 1793095.6
71739 152884 1919202.0
399293 36751 1493502.6
108146 370320 1880699.2
415198 143804 1534053.6
133659 231080 1790808.7
172998 318726 1876833.1
121877 410456 1769203.2
30645 273115 1488391.2
204738 31535 2059068.3
283544 158677 1773800.1
195580 68748 1526347.3
203975 309137 1536526.7
401762 7397 1487006.6
63358 159447 1801222.6
105747 273962 1735463.2
366377 349258 1710095.2
157915 109579 1404054.5
250746 230891 1828694.8
210038 369783 2030736.5
192610 353881 1914572.9
403128 272369 2001102.7
219317 365631 1952034.1
155648 7263 1449544.7
346359 20049 1672896.5
331057 282193 1708098.1
363397 388669 1858752.1
421697 229537 1366436.5
402005 31072 1622595.9
119740 166153 1495931.6
140743 74197 1900717.8
169592 146010 1557086.4
70018 139404 2026491.7
9226 368889 1790027.5
342126 21546 1538821.3
219780 152835 1428244.4
216067 426815 1635556.4
129667 68332 1665791.5
170752 343673 1695234.9
92937 179858 1529243.2
137948 170917 1753862.0
306152 307562 1561752.6
385256 271176 1899018.9
418935 287062 1734103.1
124667 348861 1450173.3
379658 362560 2060263.2
144209 413230 1954626.9
31369 331740 1494579.2
344953 12599 1583974.1
420402 219632 1390716.0
142680 55444 1959084.5
198399 160903 1965395.7
49243 44797 1398316.6
200979 155544 1783614.1
55 116856 1639500.9
267483 124810 1454733.1
144916 73117 1803947.7
113543 70031 1831134.3
344842 63370 1762164.0
202789 259546 1769908.1
392373 365179 2078647.3
182008 424271 2058114.2
200574 50491 1969109.2
360468 83425 1530445.1
210893 254880 1790535.0
246310 320390 2015716.6
16095 187130 1475354.4
155145 64167 1930000.9
332536 51247 1537601.9
365048 208458 1812137.0
288070 108528 2053942.9
60550 400220 1434069.8
272333 122642 1576984.6
399859 100350 1394780.2
366420 221762 1844808.8
359129 237366 1827014.1
133815 368247 1614732.1
79141 372245 1407063.8
257438 73300 1461912.3
184112 261562 1785979.4
199241 151158 1805413.5
253950 225689 1530643.2
359255 356761 1969361.9
55697 137232 1594132.5
13840 373163 2002995.5
200641 69187 2063215.8
283051 222984 1913259.7
222285 430286 1472035.0
419210 157700 1779515.6
408185 132900 1762516.8
259102 154670 1917235.7
80657 166526 1652667.2
180748 424440 1660603.8
260477 74554 2005986.6
68787 80166 1899586.6
422635 254930 1423426.3
364906 85810 2073781.6
54133 145128 1792627.3
8306 131504 1916709.3
591 133820 1364602.5
231795 184302 1577107.1
156865 250262 1947949.6
170842 122860 1682400.4
369024 335082 1569780.9
377597 177767 1419609.9
160435 221196 1374999.6
215899 237417 2080248.9
225958 237403 2048055.2
160533 6805 1436493.9
333026 159488 1502706.9
64968 12582 1365532.8
164147 367538 1381101.5
125027 281970 1688258.0
118516 283759 1850949.9
406949 104764 1617347.3
35840 237461 1855574.8
221729 150637 1369366.7
368118 34961 1607037.7
29405 157098 1411239.3
410497 153801 1966725.7
373084 220839 1921817.9
101158 157480 1434467.4
182861 23322 1504820.9
346569 6358 1651188.1
115393 348488 1441887.4
379204 80212 1404905.0
84288 170363 2002147.8
332415 38542 1383142.7
272153 36622 2022710.3
115048 170770 1519709.9
368511 345876 1380448.4
312742 292365 1877343.4
330845 271443 1862797.4
130064 205307 1877200.6
84356 171110 1758121.5
411192 32106 1458223.3
339057 245792 1951063.2
53883 135845 1650249.4
236222 48722 1697440.6
130965 52848 1962175.7
408057 236390 1398658.2
68718 380973 1744980.4
29168 272346 1540522.3
216247 186616 1561709.9
182111 420970 1447731.0
70113 109204 2004522.2
171368 32853 1787312.2
168862 103109 2007845.1
409634 57948 1877738.2
22231 406426 1494063.3
20139 233451 1965831.8
331743 144001 1941036.4
418872 289865 1969820.4
151623 261916 2037243.0
187094 260742 1635330.3
67712 32758 1874799.6
372185 347591 1987540.2
388318 43244 1884862.1
296831 195198 2073122.2
