347948 221272 1591118.0
167824 73179 2042274.5
413750 403113 1865690.5
166421 30856 1870088.5
145881 237410 1920678.5
385545 129704 1659864.0
211737 133875 1877274.5
188252 412355 1795760.0
255147 214327 1571775.0
158798 57527 1915942.0
138495 102943 1629948.0
125091 265972 1712767.5
324911 302534 1788447.0
385789 352216 1948881.5
104245 66862 2055208.0
247060 394821 1809577.0
206297 157112 1693419.0
227937 370239 1939299.5
50721 331375 1824501.0
202148 74719 2020679.5
154193 59087 1867213.5
184788 416619 1863775.5
36981 68294 2011092.0
190 403091 2052134.5
251525 36646 1913425.0
390187 176491 2002819.5
282715 206026 1972622.5
152585 398830 2013491.0
68924 325859 2069608.0
358773 87610 1917116.0
220149 362450 1938806.0
72298 336676 2027901.5
373024 143921 1663488.0
250894 266083 1644866.5
431389 11596 2050145.0
158739 22917 1656296.5
134819 185797 2007825.0
359904 19075 1732618.0
253665 287549 1900323.5
409616 115206 1959343.0
75862 169614 1948410.5
10593 149383 1625123.5
88939 16953 1698931.0
255506 121169 1725398.5
204687 273205 1904287.0
226354 413818 1833216.0
53758 408621 2039319.0
72773 20704 2006590.0
141239 188036 2032426.5
220824 154966 1677528.0
158716 414101 2066312.5
102740 252967 1796385.5
176027 97024 1736637.0
78739 196663 2010181.0
344218 149077 1706431.5
283477 429138 1998273.0
401237 408004 1658100.5
272603 1181 1770219.5
73924 271574 1932241.5
287885 263986 1884641.0
106150 288149 2062832.5
38786 250927 2066731.0
428286 163887 1656764.5
88550 18684 1719307.0
265152 386684 1959463.5
106844 399636 1674092.5
213379 128018 1972623.5
335026 155036 1815715.5
283032 211650 1987114.5
103954 156394 1619004.0
23642 255047 1788645.5
345660 211277 1802680.0
418891 145086 1882144.0
69379 208596 1844587.0
317390 70266 1955823.0
63831 155710 1808390.5
71240 360685 1660896.5
263376 120091 1643045.0
141984 230898 1766677.5
154294 104126 1618312.5
327664 153459 2043373.0
272792 27547 1654235.5
296064 393210 1884104.0
191791 142386 2046622.5
133849 30952 1688808.5
188532 55296 1726036.0
105160 368061 1782324.0
362973 213050 2029736.5
202652 309244 1655910.0
368008 87783 1810897.5
128804 60009 1959350.5
271609 329880 1665403.0
27328 262591 1628918.0
275023 365110 1691054.5
129025 295202 2003694.5
346991 413780 1806295.5
66972 77755 1817740.5
245062 319575 2019253.0
125085 361848 1806845.5
69903 219177 2003067.5
132666 334841 2059692.0
282662 364402 1898071.0
132834 341301 1843409.5
371548 45251 1989249.0
51476 400709 1800385.5
188184 402215 1636419.5
365335 282949 1997095.0
49802 132228 1865702.0
284152 274033 1924624.5
365118 79803 1840005.5
109410 425725 1694920.5
227586 282308 1791267.5
376382 318197 2043270.5
60409 188364 1731658.0
167563 36184 1819453.5
73110 426541 1941685.0
401244 55410 1728076.5
412102 147315 1928014.5
133839 224157 1765818.0
39666 237334 1906348.5
101786 154123 1617393.5
381958 77752 1705864.5
210748 165054 1940144.5
123161 264649 1629478.5
296353 325550 1580781.5
185786 181826 1659885.5
13138 282433 1705162.0
190693 322025 1785497.5
22854 271394 1577924.5
216865 186649 1737076.0
27128 262444 1606638.5
313657 248848 1597204.5
390314 388374 1669739.0
260231 20166 1947567.0
364091 221071 1934245.0
164412 270671 1990177.5
104772 165701 1955081.0
160834 69435 1958057.5
221845 269909 1828272.0
122253 90886 1934129.0
216242 252981 1697551.0
134812 411767 2016247.0
340846 14892 1843415.5
256326 30528 1631222.5
88822 35197 2055204.0
185352 353793 1976856.5
142929 54193 2078459.5
231144 260218 1640205.0
322641 95680 1585042.0
37416 371696 2028268.5
395763 239849 1926609.0
405400 51774 1951286.5
150628 51514 1858676.5
411629 273427 1994844.5
273385 153325 2072175.5
20613 151518 1645725.5
109966 75440 1577692.5
284401 261293 2016420.0
290797 323005 1925643.0
274228 154452 2068617.5
37662 431506 2056040.0
73150 265420 1677698.0
94745 128396 1753278.0
151909 276189 1928427.0
104511 128253 2015243.5
256167 113724 1814604.0
149027 212887 1620656.0
216654 424395 1706915.0
162117 272322 2039753.5
266030 401192 1896159.5
366701 33946 1853358.5
403081 60402 1664123.0
56745 342321 1808062.5
74162 67831 1862845.5
250652 58013 1693142.5
170495 115418 1643251.0
361234 335090 1592929.5
406191 64555 1908158.0
60434 398961 1789193.5
420292 152746 1974330.0
163937 13465 1567789.5
301708 373578 1955901.0
377427 291919 1912822.0
67235 154525 1810634.0
228941 160321 1642274.0
54338 184881 1672116.0
164053 51777 2012917.5
393651 192310 2049488.0
274824 372100 1694891.5
277072 167459 1898262.5
184238 237692 1657128.5
410697 142790 2016983.5
130341 34548 2034943.0
9671 406290 1800732.0
16733 137498 1717342.0
348718 36433 1902652.5
385181 273527 1875206.0
25518 373059 1909079.5
80983 171111 1714980.0
182161 164033 1953929.5
399464 170380 1897207.0
233661 37300 2005652.5
373246 198267 1665730.0
90024 278668 1782038.0
103223 344562 1767374.5
131786 9319 1940635.0
424398 328904 1770294.5
415797 410466 1745540.0
281736 135983 1776737.5
276998 387329 2030286.5
341338 185947 2026134.5
236739 409988 1573657.5
407528 228216 1568944.0
362939 276882 1622595.0
151337 271259 1914811.0
317831 297396 1588770.0
220024 138601 1644845.0
23447 341467 1669557.0
382695 311355 1828495.0
121297 270354 1794495.0
128299 27918 2065430.5
341136 8473 1763571.0
105985 69158 2018867.0
151632 228523 1657625.0
7835 327883 1644842.0
413048 417786 1677044.0
368705 28862 1799975.0
104079 128012 2009280.0
288194 29204 2018145.0
430397 251984 1638836.5
411478 235136 1827343.5
71741 149404 2000908.5
168437 227387 2009870.5
69286 131177 1919173.5
24890 184290 1749380.5
332488 181948 1747648.0
122776 283119 1916738.0
24068 414858 1569655.5
261164 249911 1682406.0
404671 6841 1590835.0
282779 6717 1783411.5
129695 374883 1747558.0
279387 84665 1762770.0
140228 349188 1666232.0
145282 13992 1652010.5
371431 125335 1862031.0
86288 365335 1978218.0
140317 100130 1657048.5
340130 282319 1940340.5
153678 106106 1607238.0
88446 85760 1891520.0
416506 160781 1933829.0
327843 215725 1723617.5
392542 406324 1924746.5
103467 417361 1652408.0
109942 128527 1991066.5
382285 172437 1911246.5
412756 33778 1958903.5
128483 307911 1991409.0
139616 58026 1861830.0
3803 251813 1760456.0
252661 214767 1637444.0
413056 119485 2024498.0
366553 69974 1820194.0
365969 138582 1690779.5
347751 364767 1872959.5
165519 164160 1895648.5
433558 418413 1989408.0
303184 43993 1716950.5
157265 8671 1646500.0
405206 391920 1865162.0
129369 173191 1576607.0
217677 159982 1599625.0
254186 221112 1650715.0
342610 102821 1757331.0
353261 302294 1951030.5
254619 339818 2028525.5
208220 167163 1814502.0
344920 53873 1765149.5
209209 204303 2046589.5
121670 332524 1826603.0
221438 253230 1884067.0
59540 186101 1741435.0
139763 8724 1627392.0
340667 75222 1581648.5
346618 106623 1747085.5
129823 69341 1849644.0
1509 169453 2022919.0
209783 403265 1603837.0
66759 230709 1990370.5
181334 330846 1930095.5
87835 132195 1690964.0
140055 407460 1581370.0
104615 264272 1631514.5
243518 326314 2077446.5
209087 139735 1724232.0
140408 334850 1849980.0
204898 340549 2021813.0
107472 398926 1733261.5
70899 212703 2041089.0
271988 107997 1906359.5
54941 117720 1575743.0
265014 329206 1958296.5
157674 38087 1749333.0
292583 175893 1870054.5
103569 328119 1739099.5
341128 422703 1805443.0
49541 155342 2062794.0
410365 36718 1634567.5
225357 263323 1594442.5
415077 146885 1960491.5
396078 339133 1566007.5
160792 73229 1795501.0
333059 275687 1751503.5
364030 274227 1753233.0
364528 115849 1769583.0
141279 67519 2054407.0
130594 55464 1863494.0
182765 3122 2009235.0
265452 146967 2038638.0
270757 157511 2073935.0
70765 117259 1970546.5
319448 293753 1896334.0
10821 149449 1697692.0
64109 238830 1945716.5
368691 36570 1820703.0
125296 361124 1945605.5
406604 26390 1693991.5
72151 409592 2027150.0
401915 422850 1934519.0
343450 156964 1747398.0
44279 357536 1691094.5
406671 281875 1990546.5
422737 120938 1622857.5
95049 378055 1961063.0
159653 278440 2050993.5
230 115406 1710049.0
165403 361811 1631245.5
239518 183483 1681155.0
38097 139959 1619577.0
157363 429975 1999067.5
197032 42578 1910054.0
24666 184552 1683820.5
257789 332579 1614190.0
327854 29080 1687122.0
102718 141701 1759545.0
193473 317744 1773135.0
203529 65569 2040969.0
80753 370979 1943431.0
324075 290791 1988265.5
168060 57433 2042030.0
343707 131963 1952860.0
361941 83838 2066689.0
15139 162747 1607253.5
180920 127639 1912344.0
192533 338080 1773186.0
102160 141512 1909460.0
365685 117658 1621667.0
334182 19277 2056524.0
162219 4474 1780720.0
225925 414210 1579799.0
171093 231161 1859337.5
414320 150591 1787545.5
391427 193351 1668757.5
89758 344688 1581803.0
394676 314127 1820821.0
257679 123607 1571948.0
289244 212339 2038373.0
133709 150309 1600523.5
155821 229712 1591880.5
425211 111263 1625237.5
286789 105588 2073904.5
261118 136809 1986671.5
250357 8573 1829777.0
13159 154752 1638982.0
418342 155969 1821024.0
174875 92519 1649874.5
259521 118076 1695365.0
237951 182026 1689131.5
150698 53708 1872743.5
158523 209289 1683596.5
282452 225456 1756744.5
264358 207980 1791335.5
205009 3947 1967840.0
399136 254895 1810125.0
137909 180845 1784039.5
109190 341031 1774944.5
99448 414941 1578388.5
131435 406318 1955524.5
140007 209957 1844570.5
213019 341005 1700593.5
217995 408097 1973030.0
238304 164715 2065765.0
342342 100023 1791437.5
251902 32750 1918351.0
430287 118803 1712532.0
204345 4509 1932231.0
327580 339859 2025015.5
184583 272134 1862571.0
289725 267456 1957103.5
228270 166764 1856719.5
328328 221726 1757709.5
425439 1038 1603986.0
183963 347247 1803507.0
31164 68793 2068436.0
158439 90208 1636714.5
365352 206961 2022359.5
222310 153856 1640464.5
300675 394837 1871985.5
20749 180673 1613424.5
134535 74876 1599228.5
18939 405963 2056551.5
161593 6864 1633908.0
78925 159141 2054165.0
226481 283539 1987141.0
182729 22775 1983297.5
368114 2509 1945745.0
34772 207091 1665244.0
163382 33509 1602203.5
237738 227934 1808198.0
139981 370487 1561783.0
340754 176572 2007713.5
327117 258272 1750899.5
152469 87993 1591346.5
98778 426604 1600712.5
116272 87464 2022958.0
303340 91849 2066879.5
60915 204757 2027405.5
415477 149513 1790628.0
408760 12857 1650052.5
6660 408925 1992466.0
266483 146295 1854985.0
105054 252435 1718416.0
366762 354950 1943271.5
353584 290237 1833012.0
289544 33622 2073737.5
296168 173786 1765187.0
69082 74487 1912034.0
25566 262203 1574847.0
200720 139474 1882119.0
234656 287775 2078628.0
377354 298325 1777623.0
209284 410563 1812188.5
351279 428639 1998183.5
16481 401481 1604398.5
214937 412747 1957162.0
406126 54583 1834248.5
182803 219274 1714447.0
321021 177112 1776290.0
138130 58042 1759322.5
153848 82281 2055757.5
174021 184690 1848902.5
225145 265997 1669704.5
156364 49872 2042745.0
97385 371802 1958271.5
90671 333999 1846601.5
434141 72189 1846055.5
219787 351400 1994121.0
88672 336920 1849456.5
272307 140842 2025381.0
32160 329986 1671196.5
253878 133911 1879194.5
38349 267852 1611786.5
410815 108775 1906440.5
129932 179687 1681901.5
157416 238419 1945375.5
134562 270695 1874266.0
255784 341186 2068592.5
64771 283870 1990779.0
102697 67999 2007218.0
2137 289220 1947878.0
54351 144229 1858298.5
157183 258398 2003907.0
239800 395870 2013396.0
128519 208067 1937407.5
149688 53585 1903750.5
225359 255305 1706655.5
13562 158568 1801738.5
195635 70726 1829606.0
363542 69532 1739594.5
93210 354440 1582584.0
140382 59266 1765799.5
116437 331016 1966219.5
402502 141681 2043822.5
334400 169748 2065402.0
16803 344354 1920807.0
144290 54129 1855566.0
254135 23322 1658171.0
254443 347335 1826915.5
330485 431251 1923751.0
115559 405994 1582029.0
197172 293537 2003368.0
65381 128136 2059985.5
368818 60551 2040740.0
224175 152790 1574642.5
428428 148512 1945952.0
378871 89642 1909130.0
341905 14997 1845735.0
345103 197564 1832848.5
118819 372353 2009836.5
422758 407715 1926327.0
115583 272363 1816659.5
354809 171934 1711614.5
343045 59264 1803747.5
40227 19980 1805795.0
187722 12289 1812537.0
400594 97466 1813500.0
192523 378751 1965907.5
260839 146674 2005527.5
198037 403933 1887184.0
372005 343175 1990358.0
205509 23580 2034273.5
35541 424887 1875313.0
412386 183935 1922409.0
150081 199818 1783217.0
140142 348387 1648363.0
179203 191669 1855170.5
214918 183339 1817148.5
347082 116198 1820824.0
137484 364717 1596292.0
329226 100879 1815780.5
340242 209456 1618432.5
69466 79704 1848419.0
399003 416781 2051342.0
127361 265078 1921998.0
382504 377642 1917382.0
152767 267448 1939683.5
406197 58392 1876858.5
92176 393067 2069772.0
69917 79452 1787137.5
262431 347104 1885531.0
77575 68665 1953491.0
94470 297346 1595574.5
56208 329851 1670736.5
159788 427086 1791986.0
350696 330608 1721727.5
32056 398565 1672717.5
35197 187954 1703773.5
230600 127885 1973553.0
257456 329687 1702581.0
171759 9149 1947619.5
343722 31025 1857882.5
410440 136593 1695003.0
399363 386137 1732934.0
136774 235999 1897115.5
113297 92670 1861558.5
3587 153217 1710724.5
182374 111288 2065529.0
32501 185030 1665489.5
123906 420636 1608482.5
183059 384473 1846532.0
432027 355967 2006501.0
149491 429352 1998712.5
251265 59710 1674899.5
297046 323273 1736614.5
341320 26723 1693672.5
369258 3059 2016108.5
188139 106687 1598107.5
352566 68878 1755640.5
430535 400812 2049851.0
311450 298180 2053610.5
289383 211124 2058491.5
187460 227936 1591045.0
84696 166311 1935114.0
27490 165671 1868071.0
380439 70649 1635689.0
374463 385325 1683350.0
409365 15028 1958152.0
343378 218772 1613919.5
121146 421168 1560832.0
231991 346441 1734876.0
429343 27915 1599755.5
166707 3139 2044238.0
39640 130243 1908041.0
374934 95918 2051123.5
229934 68250 1867140.0
370987 117167 1865347.0
406985 191549 2039345.5
82505 90907 1664008.0
69379 142631 2033289.5
135350 253693 1934319.0
421429 138122 1916662.5
150424 168783 1601112.0
171638 205790 2080220.0
332366 109481 1579329.5
137157 57728 1754784.0
281243 106596 2051706.5
9539 145630 1691294.0
158551 90751 1702679.5
288396 425189 1806057.5
137852 56436 1777722.5
238883 226532 1881878.0
269639 124673 1683491.5
119193 362318 1820628.0
250891 184149 1949113.5
348996 184054 1902931.5
121055 426487 1660338.5
408103 25208 2033004.5
161337 37211 1627521.0
30338 170203 1824349.5
141071 360967 1665095.5
332449 24004 1622758.5
220523 167848 1850486.0
430260 212771 1587952.5
250382 213605 1876692.0
239409 391209 1920118.5
320675 173488 1946886.5
184676 266536 1677555.0
306146 308689 1598585.0
122524 257595 1564970.0
52926 140011 1982314.5
418623 185732 1909736.0
129170 204108 1994660.5
12305 346049 2031896.5
54423 410575 1952788.5
273548 403051 1993573.0
135884 264635 1939811.0
416102 164674 1830731.0
185813 125096 1981234.5
129477 214687 1704190.5
372397 335567 1685094.5
168140 210915 2018256.0
344165 136181 1890644.0
189611 91685 1579240.0
34767 54564 1669872.0
184108 118675 1740298.0
137765 209893 1604040.5
362588 35042 1831076.5
53994 135019 1654272.5
106468 368046 1778294.0
404012 13453 1873408.0
35826 157651 1576240.0
142561 26310 1745513.5
153084 197698 1755083.5
238912 389524 1882555.5
311324 173650 1931473.5
201193 50000 1848627.5
409249 38196 1993849.5
27266 205357 1971397.5
360515 159081 1672843.5
371293 138863 1885008.5
259063 340325 1947824.5
183989 134358 2040563.5
370194 123643 1823926.0
252167 104446 1731008.5
143116 216952 1994896.0
150768 213373 1686909.0
99205 251833 1831602.5
104996 238754 1889247.0
391715 40570 1969296.5
131069 192600 1586556.5
207885 405802 1612871.5
159812 197833 1956785.0
142812 416243 2021823.0
73812 170760 2052232.0
330480 411136 1583443.5
414973 231227 1808021.0
330997 256784 1733022.0
158591 37385 1609329.5
71119 104386 1961847.5
167925 14694 1959677.0
130402 382887 1887369.0
155909 54099 1919625.5
367791 111787 2024638.5
153654 371871 1567469.5
435432 235546 1887977.0
218074 144466 1636812.0
24237 131159 1898342.5
163443 29685 1618603.0
425894 161816 1766406.0
355778 199946 2068712.0
256511 75044 1578777.5
50671 144600 2020430.0
186231 214723 1658351.5
49404 140770 1848600.5
348639 407372 1645498.5
54990 328906 1790363.5
187459 162137 2080224.0
204184 253671 1563574.0
105547 411921 2072829.0
265999 204499 1844326.5
69777 221996 2056019.5
405309 392189 1753557.0
180070 294561 1793216.5
413111 220150 1881142.0
83304 373153 1883145.5
330756 123012 1920378.5
285190 431851 1872941.0
259586 123501 1589909.0
157256 195742 2031854.0
137054 422550 1888510.0
291505 377370 1837722.0
402659 270484 1971966.0
79149 276973 1588253.5
344440 392477 1747925.0
170570 415285 2078343.0
368235 17556 1861985.0
340362 273165 2036029.5
239231 5071 1974565.0
214793 327187 1737071.0
171700 145950 1701550.0
400084 106244 1646411.0
2302 425710 1639620.5
366302 343042 1933081.0
187975 24210 1716748.5
146255 34807 1605639.5
26991 282305 1713871.0
94912 128114 1987685.0
61570 328905 1742985.0
59015 408828 1972758.5
138254 405896 1584614.5
159827 20475 1654677.0
71409 290103 2017575.0
12989 399735 1735221.0
3817 363337 2039957.0
332267 140734 1914703.0
251081 107211 1969148.5
259887 12563 1625931.5
161284 50745 1773901.0
187071 173279 1928060.5
272433 332234 1662972.5
423044 132210 1961426.5
328670 268673 1690183.0
27332 251848 1927636.5
265223 113458 1798187.5
209267 151580 1677389.0
234691 288649 2050202.0
238079 367862 2072882.5
226525 340671 1698877.5
119989 166583 1614612.5
98056 204422 1982862.0
216 226862 1806468.5
401662 14976 1614411.5
224388 187593 1908338.5
359719 193815 2048005.5
189255 323145 1854829.5
140739 104227 1761742.5
73468 239384 1757678.0
158533 12961 1718871.0
251582 421611 1602329.0
353592 195207 1951471.5
185789 216052 1697979.0
181494 159723 1764299.0
277038 162130 2055837.0
151383 101274 1580010.5
82509 390971 1777610.5
168980 389813 1809856.5
153662 63423 1909065.0
226670 270808 1632496.0
89383 335188 1914930.5
9887 286793 2033799.5
160454 336359 1921451.0
5420 159653 1708461.0
378414 43271 1849114.5
333046 407089 1861143.5
370738 403512 1775331.5
133815 113521 1676298.0
259006 207721 1571630.0
133705 411113 1815484.5
258321 118275 1598786.5
68610 365111 1866361.0
28164 89494 1963716.0
147862 167642 1799271.5
327086 111221 1854622.0
126488 385279 1713427.5
400144 220752 1575498.0
418189 282748 1951186.0
1410 263405 1646956.0
121749 340569 1685379.5
217639 280778 2070869.0
372400 37040 2023170.5
134941 270361 1962769.0
161384 336388 1997201.0
348390 220218 1616644.5
266950 206359 1571798.0
328438 120333 1794224.0
186672 383055 1936068.5
166931 114699 1766500.5
89099 159473 1664935.0
138514 88605 1800771.5
347125 262721 1809641.5
150941 422645 1977014.0
132309 361407 1731081.0
399720 263616 1916229.0
356114 86861 1705590.0
347872 61520 1833601.0
79458 303502 1638770.0
152944 359748 1621246.0
147408 282676 1576063.0
196354 321691 2021003.5
118466 90064 2057108.0
144076 265921 2025592.0
356213 133453 2065499.0
391882 353982 1873122.0
405721 211032 1725345.5
399519 269648 1795707.0
132857 163530 1755545.0
209562 171524 1934280.5
156557 169901 1762031.5
126467 184616 1863284.5
181176 407586 1939345.0
322990 303653 2027705.0
135504 326969 1908546.0
69048 131802 1707905.5
1281 150738 1818085.0
71119 192032 1789331.0
201136 147824 1863154.0
343600 369033 1926758.0
371559 278412 1789601.0
165676 201129 1678165.5
147969 67446 2001499.5
277086 47337 2001631.5
183340 11380 2030567.0
158107 215446 1709497.0
250233 268236 1573381.5
88012 160494 1675549.5
23843 157840 1577094.5
106049 158779 1686828.0
199786 147681 1835518.5
205405 34016 1990420.5
104053 143161 1981214.0
295536 195583 2049137.5
261616 118141 1667741.0
184428 26425 1767915.0
68476 197573 1823191.0
149469 169878 1725557.5
67097 354404 1711367.5
166510 29540 1888624.0
354000 295500 1866754.0
328185 264725 1617375.5
283070 217858 1953952.5
282553 422438 1974016.0
181 214216 1690901.0
256965 340098 1792091.5
363913 84828 1923164.5
221242 128345 1896535.0
211588 412878 1919198.0
208537 185727 1843617.0
280709 156199 1674678.0
60256 269197 1646213.0
211439 251250 1776335.0
206033 128324 1875322.0
71739 152884 1965398.0
399293 36751 1661327.0
108146 370320 1937896.0
415198 143804 1690292.0
133659 231080 1873688.5
172998 318726 1935134.5
121877 410456 1858256.0
30645 273115 1657676.0
204738 31535 2065302.5
283544 158677 1861539.5
195580 68748 1684787.5
203975 309137 1692058.5
401762 7397 1656687.0
63358 159447 1881127.0
105747 273962 1834156.0
366377 349258 1816036.0
157915 109579 1597435.5
250746 230891 1900750.0
210038 369783 2045065.5
192610 353881 1962091.5
403128 272369 2023898.5
219317 365631 1988849.5
155648 7263 1629928.5
346359 20049 1789465.5
331057 282193 1814609.5
363397 388669 1922219.5
421697 229537 1570565.5
402005 31072 1753536.5
119740 166153 1663062.0
140743 74197 1952195.0
169592 146010 1706744.0
70018 139404 2042033.5
9226 368889 1873130.5
342126 21546 1693697.5
219780 152835 1614714.0
216067 426815 1762794.0
129667 68332 1784390.5
170752 343673 1805421.5
92937 179858 1686856.0
137948 170917 1847298.0
306152 307562 1710077.0
385256 271176 1950981.5
418935 287062 1833184.5
124667 348861 1630377.5
379658 362560 2066156.0
144209 413230 1990701.5
31369 331740 1662096.0
344953 12599 1725949.5
420402 219632 1587908.0
142680 55444 1993885.5
198399 160903 1998393.5
49243 44797 1593337.0
200979 155544 1868549.5
55 116856 1765611.5
267483 124810 1633634.5
144916 73117 1883073.5
113543 70031 1902492.5
344842 63370 1853228.0
202789 259546 1858759.5
392373 365179 2079287.5
182008 424271 2064621.0
200574 50491 2001046.0
360468 83425 1687714.5
210893 254880 1873493.0
246310 320390 2034337.0
16095 187130 1648364.0
155145 64167 1973111.5
332536 51247 1692826.5
365048 208458 1888923.0
288070 108528 2061641.5
60550 400220 1618875.0
272333 122642 1720957.0
399859 100350 1590811.0
366420 221762 1912260.0
359129 237366 1899549.5
133815 368247 1747919.5
79141 372245 1599585.0
257438 73300 1638762.5
184112 261562 1870239.0
199241 151158 1884120.5
253950 225689 1687856.0
359255 356761 2001226.5
55697 137232 1733205.5
13840 373163 2025250.5
200641 69187 2068265.0
283051 222984 1961153.5
222285 430286 1645993.0
419210 157700 1865622.0
408185 132900 1853480.0
259102 154670 1963993.5
80657 166526 1775016.0
180748 424440 1780685.0
260477 74554 2027387.0
68787 80166 1951387.0
422635 254930 1611272.5
364906 85810 2075812.0
54133 145128 1874987.5
8306 131504 1963617.5
591 133820 1569255.5
231795 184302 1721044.5
156865 250262 1985932.0
170842 122860 1796254.0
369024 335082 1715811.5
377597 177767 1608546.5
160435 221196 1576682.0
215899 237417 2080431.5
225958 237403 2057436.0
160533 6805 1620606.5
333026 159488 1667901.5
64968 12582 1569920.0
164147 367538 1581040.5
125027 281970 1800438.0
118516 283759 1916646.5
406949 104764 1749787.5
35840 237461 1919950.0
221729 150637 1572658.5
368118 34961 1742423.5
29405 157098 1602567.5
410497 153801 1999343.5
373084 220839 1967266.5
101158 157480 1619159.0
182861 23322 1669411.5
346569 6358 1773959.5
115393 348488 1624459.0
379204 80212 1598043.0
84288 170363 2024645.0
332415 38542 1582498.5
272153 36622 2039332.5
115048 170770 1680046.5
368511 345876 1580574.0
312742 292365 1935499.0
330845 271443 1925109.0
130064 205307 1935397.0
84356 171110 1850340.5
411192 32106 1636127.5
339057 245792 1988156.0
53883 135845 1773289.0
236222 48722 1806997.0
130965 52848 1996093.5
408057 236390 1593581.0
68718 380973 1840954.0
29168 272346 1694912.5
216247 186616 1710046.5
182111 420970 1628633.0
70113 109204 2026341.0
171368 32853 1871191.0
168862 103109 2028714.5
409634 57948 1935781.0
22231 406426 1661727.5
20139 233451 1998705.0
331743 144001 1980994.0
418872 289865 2001554.0
151623 261916 2049713.0
187094 260742 1762632.5
67712 32758 1933682.0
372185 347591 2014211.0
388318 43244 1940869.5
296831 195198 2075341.0
