347948 221272 1787026.0
167824 73179 2057719.9
413750 403113 1951769.5
166421 30856 1954408.3
145881 237410 1984762.3
385545 129704 1828273.6
211737 133875 1958719.9
188252 412355 1909811.2
255147 214327 1775420.2
158798 57527 1981920.4
138495 102943 1810324.0
125091 265972 1860015.7
324911 302534 1905423.4
385789 352216 2001684.1
104245 66862 2065480.0
247060 394821 1918101.4
206297 157112 1848406.6
227937 370239 1995934.9
50721 331375 1927055.8
202148 74719 2044762.9
154193 59087 1952683.3
184788 416619 1950620.5
36981 68294 2039010.4
190 403091 2063635.9
251525 36646 1980410.2
390187 176491 2034046.9
282715 206026 2015928.7
152585 398830 2040449.8
68924 325859 2074120.0
358773 87610 1982624.8
220149 362450 1995638.8
72298 336676 2049096.1
373024 143921 1830448.0
250894 266083 1819275.1
431389 11596 2062442.2
158739 22917 1826133.1
134819 185797 2037050.2
359904 19075 1871926.0
253665 287549 1972549.3
409616 115206 2007961.0
75862 169614 2001401.5
10593 149383 1807429.3
88939 16953 1851713.8
255506 121169 1867594.3
204687 273205 1974927.4
226354 413818 1932284.8
53758 408621 2055946.6
72773 20704 2036309.2
141239 188036 2051811.1
220824 154966 1838872.0
158716 414101 2072142.7
102740 252967 1910186.5
176027 97024 1874337.4
78739 196663 2038463.8
344218 149077 1856214.1
283477 429138 2031319.0
401237 408004 1827215.5
272603 1181 1894486.9
73924 271574 1991700.1
287885 263986 1963139.8
106150 288149 2070054.7
38786 250927 2072393.8
428286 163887 1826413.9
88550 18684 1863939.4
265152 386684 2008033.3
106844 399636 1836810.7
213379 128018 2015929.3
335026 155036 1921784.5
283032 211650 2024623.9
103954 156394 1803757.6
23642 255047 1905542.5
345660 211277 1913963.2
418891 145086 1961641.6
69379 208596 1939107.4
317390 70266 2005849.0
63831 155710 1917389.5
71240 360685 1828893.1
263376 120091 1818182.2
141984 230898 1892361.7
154294 104126 1803342.7
327664 153459 2058379.0
272792 27547 1824896.5
296064 393210 1962817.6
191791 142386 2060328.7
133849 30952 1845640.3
188532 55296 1867976.8
105160 368061 1901749.6
362973 213050 2050197.1
202652 309244 1825901.2
368008 87783 1918893.7
128804 60009 2007965.5
271609 329880 1831597.0
27328 262591 1809706.0
275023 365110 1846987.9
129025 295202 2034571.9
346991 413780 1916132.5
66972 77755 1922999.5
245062 319575 2043907.0
125085 361848 1916462.5
69903 219177 2034195.7
132666 334841 2068170.4
282662 364402 1971197.8
132834 341301 1938400.9
371548 45251 2025904.6
51476 400709 1912586.5
188184 402215 1814206.9
365335 282949 2030612.2
49802 132228 1951776.4
284152 274033 1987129.9
365118 79803 1936358.5
109410 425725 1849307.5
227586 282308 1907115.7
376382 318197 2058317.5
60409 188364 1871350.0
167563 36184 1924027.3
73110 426541 1997366.2
401244 55410 1869201.1
412102 147315 1989163.9
133839 224157 1891846.0
39666 237334 1976164.3
101786 154123 1802791.3
381958 77752 1855873.9
210748 165054 1996441.9
123161 264649 1810042.3
296353 325550 1780824.1
185786 181826 1828286.5
13138 282433 1855452.4
190693 322025 1903653.7
22854 271394 1779109.9
216865 186649 1874600.8
27128 262444 1796338.3
313657 248848 1790677.9
390314 388374 1834198.6
260231 20166 2000895.4
364091 221071 1992902.2
164412 270671 2026461.7
104772 165701 2005403.8
160834 69435 2007189.7
221845 269909 1929318.4
122253 90886 1992832.6
216242 252981 1850885.8
134812 411767 2042103.4
340846 14892 1938404.5
256326 30528 1811088.7
88822 35197 2065477.6
185352 353793 2018469.1
142929 54193 2079430.9
231144 260218 1816478.2
322641 95680 1783380.4
37416 371696 2049316.3
395763 239849 1988320.6
405400 51774 2003127.1
150628 51514 1947561.1
411629 273427 2029261.9
273385 153325 2075660.5
20613 151518 1819790.5
109966 75440 1778970.7
284401 261293 2042207.2
290797 323005 1987741.0
274228 154452 2073525.7
37662 431506 2065979.2
73150 265420 1838974.0
94745 128396 1884322.0
151909 276189 1989411.4
104511 128253 2041501.3
256167 113724 1921117.6
149027 212887 1804748.8
216654 424395 1856504.2
162117 272322 2056207.3
266030 401192 1970050.9
366701 33946 1944370.3
403081 60402 1830829.0
56745 342321 1917192.7
74162 67831 1950062.5
250652 58013 1848240.7
170495 115418 1818305.8
361234 335090 1788112.9
406191 64555 1977250.0
60434 398961 1905871.3
420292 152746 2016953.2
163937 13465 1773028.9
301708 373578 2005895.8
377427 291919 1980048.4
67235 154525 1918735.6
228941 160321 1817719.6
54338 184881 1835624.8
164053 51777 2040105.7
393651 192310 2062048.0
274824 372100 1849290.1
277072 167459 1971312.7
184238 237692 1826632.3
410697 142790 2042545.3
130341 34548 2053321.0
9671 406290 1912794.4
16733 137498 1862760.4
348718 36433 1973946.7
385181 273527 1957478.8
25518 373059 1977802.9
80983 171111 1861343.2
182161 164033 2004712.9
399464 170380 1970679.4
233661 37300 2035746.7
373246 198267 1831793.2
90024 278668 1901578.0
103223 344562 1892779.9
131786 9319 1996736.2
424398 328904 1894531.9
415797 410466 1879679.2
281736 135983 1898397.7
276998 387329 2050527.1
341338 185947 2048035.9
236739 409988 1776549.7
407528 228216 1773721.6
362939 276882 1805912.2
151337 271259 1981241.8
317831 297396 1785617.2
220024 138601 1819262.2
23447 341467 1834089.4
382695 311355 1929452.2
121297 270354 1909052.2
128299 27918 2071613.5
341136 8473 1890497.8
105985 69158 2043675.4
151632 228523 1826930.2
7835 327883 1819260.4
413048 417786 1838581.6
368705 28862 1912340.2
104079 128012 2037923.2
288194 29204 2043242.2
430397 251984 1815657.1
411478 235136 1928761.3
71741 149404 2032900.3
168437 227387 2038277.5
69286 131177 1983859.3
24890 184290 1881983.5
332488 181948 1880944.0
122776 283119 1982398.0
24068 414858 1774148.5
261164 249911 1841798.8
404671 6841 1786856.2
282779 6717 1902402.1
129695 374883 1880890.0
279387 84665 1890017.2
140228 349188 1832094.4
145282 13992 1823561.5
371431 125335 1949573.8
86288 365335 2019286.0
140317 100130 1826584.3
340130 282319 1996559.5
153678 106106 1796698.0
88446 85760 1967267.2
416506 160781 1992652.6
327843 215725 1866525.7
392542 406324 1987203.1
103467 417361 1823800.0
109942 128527 2026995.1
382285 172437 1979103.1
412756 33778 2007697.3
128483 307911 2027200.6
139616 58026 1949453.2
3803 251813 1888628.8
252661 214767 1814821.6
413056 119485 2047054.0
366553 69974 1924471.6
365969 138582 1846822.9
347751 364767 1956130.9
165519 164160 1969744.3
433558 418413 2026000.0
303184 43993 1862525.5
157265 8671 1820255.2
405206 391920 1951452.4
129369 173191 1778319.4
217677 159982 1792130.2
254186 221112 1822784.2
342610 102821 1886753.8
353261 302294 2002973.5
254619 339818 2049470.5
208220 167163 1921056.4
344920 53873 1891444.9
209209 204303 2060308.9
121670 332524 1928317.0
221438 253230 1962795.4
59540 186101 1877216.2
139763 8724 1808790.4
340667 75222 1781344.3
346618 106623 1880606.5
129823 69341 1942141.6
1509 169453 2046106.6
209783 403265 1794657.4
66759 230709 2026577.5
181334 330846 1990412.5
87835 132195 1846933.6
140055 407460 1781177.2
104615 264272 1811263.9
243518 326314 2078823.1
209087 139735 1866894.4
140408 334850 1942343.2
204898 340549 2045443.0
107472 398926 1872312.1
70899 212703 2057008.6
271988 107997 1976170.9
54941 117720 1777801.0
265014 329206 2007333.1
157674 38087 1881955.0
292583 175893 1954387.9
103569 328119 1875814.9
341128 422703 1915621.0
49541 155342 2070031.6
410365 36718 1813095.7
225357 263323 1789020.7
415077 146885 2008650.1
396078 339133 1771959.7
160792 73229 1909655.8
333059 275687 1883257.3
364030 274227 1884295.0
364528 115849 1894105.0
141279 67519 2064999.4
130594 55464 1950451.6
182765 3122 2037896.2
265452 146967 2055538.0
270757 157511 2076716.2
70765 117259 2014683.1
319448 293753 1970155.6
10821 149449 1850970.4
64109 238830 1999785.1
368691 36570 1924777.0
125296 361124 1999718.5
406604 26390 1848750.1
72151 409592 2048645.2
401915 422850 1993066.6
343450 156964 1880794.0
44279 357536 1847011.9
406671 281875 2026683.1
422737 120938 1806069.7
95049 378055 2008993.0
159653 278440 2062951.3
230 115406 1858384.6
165403 361811 1811102.5
239518 183483 1841048.2
38097 139959 1804101.4
157363 429975 2031795.7
197032 42578 1978387.6
24666 184552 1842647.5
257789 332579 1800869.2
327854 29080 1844628.4
102718 141701 1888082.2
193473 317744 1896236.2
203529 65569 2056936.6
80753 370979 1998413.8
324075 290791 2025314.5
168060 57433 2057573.2
343707 131963 2004071.2
361941 83838 2072368.6
15139 162747 1796707.3
180920 127639 1979761.6
192533 338080 1896266.8
102160 141512 1978031.2
365685 117658 1805355.4
334182 19277 2066269.6
162219 4474 1900787.2
225925 414210 1780234.6
171093 231161 1947957.7
414320 150591 1904882.5
391427 193351 1833609.7
89758 344688 1781437.0
394676 314127 1924847.8
257679 123607 1775524.0
289244 212339 2055379.0
133709 150309 1792669.3
155821 229712 1787483.5
425211 111263 1807497.7
286789 105588 2076697.9
261118 136809 2024358.1
250357 8573 1930221.4
13159 154752 1815744.4
418342 155969 1924969.6
174875 92519 1822279.9
259521 118076 1849574.2
237951 182026 1845834.1
150698 53708 1956001.3
158523 209289 1842513.1
282452 225456 1886401.9
264358 207980 1907156.5
205009 3947 2013059.2
399136 254895 1918430.2
137909 180845 1902778.9
109190 341031 1897321.9
99448 414941 1779388.3
131435 406318 2005669.9
140007 209957 1939097.5
213019 341005 1852711.3
217995 408097 2016173.2
238304 164715 2071814.2
342342 100023 1907217.7
251902 32750 1983365.8
430287 118803 1859874.4
204345 4509 1991693.8
327580 339859 2047364.5
184583 272134 1949897.8
289725 267456 2006617.3
228270 166764 1946386.9
328328 221726 1886980.9
425439 1038 1794746.8
183963 347247 1914459.4
31164 68793 2073416.8
158439 90208 1814383.9
365352 206961 2045770.9
222310 153856 1816633.9
300675 394837 1955546.5
20749 180673 1800409.9
134535 74876 1791892.3
18939 405963 2066286.1
161593 6864 1812700.0
78925 159141 2064854.2
226481 283539 2024639.8
182729 22775 2022333.7
368114 2509 1999802.2
34772 207091 1831501.6
163382 33509 1793677.3
237738 227934 1917274.0
139981 370487 1769425.0
340754 176572 2036983.3
327117 258272 1882894.9
152469 87993 1787163.1
98778 426604 1792782.7
116272 87464 2046130.0
303340 91849 2072482.9
60915 204757 2048798.5
415477 149513 1906732.0
408760 12857 1822386.7
6660 408925 2027834.8
266483 146295 1945346.2
105054 252435 1863404.8
366762 354950 1998318.1
353584 290237 1932162.4
289544 33622 2076597.7
296168 173786 1891467.4
69082 74487 1979575.6
25566 262203 1777263.4
200720 139474 1961626.6
234656 287775 2079532.0
377354 298325 1898929.0
209284 410563 1919668.3
351279 428639 2031265.3
16481 401481 1794994.3
214937 412747 2006652.4
406126 54583 1932904.3
182803 219274 1861023.4
321021 177112 1898129.2
138130 58042 1887948.7
153848 82281 2065809.7
174021 184690 1941696.7
225145 265997 1834177.9
156364 49872 2058002.2
97385 371802 2007318.1
90671 333999 1940316.1
434141 72189 1939988.5
219787 351400 2028827.8
88672 336920 1942029.1
272307 140842 2047583.8
32160 329986 1835073.1
253878 133911 1959871.9
38349 267852 1799427.1
410815 108775 1976219.5
129932 179687 1841496.1
157416 238419 1999580.5
134562 270695 1956914.8
255784 341186 2073510.7
64771 283870 2026822.6
102697 67999 2036686.0
2137 289220 2001082.0
54351 144229 1947334.3
157183 258398 2034699.4
239800 395870 2040392.8
128519 208067 1994799.7
149688 53585 1974605.5
225359 255305 1856348.5
13562 158568 1913398.3
195635 70726 1930118.8
363542 69532 1876111.9
93210 354440 1781905.6
140382 59266 1891834.9
116437 331016 2012086.9
402502 141681 2058648.7
334400 169748 2071596.4
16803 344354 1984839.4
144290 54129 1945694.8
254135 23322 1827257.8
254443 347335 1928504.5
330485 431251 1986605.8
115559 405994 1781572.6
197172 293537 2034376.0
65381 128136 2068346.5
368818 60551 2056799.2
224175 152790 1777140.7
428428 148512 1999926.4
378871 89642 1977833.2
341905 14997 1939796.2
345103 197564 1932064.3
118819 372353 2038257.1
422758 407715 1988151.4
115583 272363 1922350.9
354809 171934 1859323.9
343045 59264 1914603.7
40227 19980 1915832.2
187722 12289 1919877.4
400594 97466 1920455.2
192523 378751 2011899.7
260839 146674 2035671.7
198037 403933 1964665.6
372005 343175 2026570.0
205509 23580 2052919.3
35541 424887 1957543.0
412386 183935 1985800.6
150081 199818 1902285.4
140142 348387 1821373.0
179203 191669 1945457.5
214918 183339 1922644.3
347082 116198 1924849.6
137484 364717 1790130.4
329226 100879 1921823.5
340242 209456 1803414.7
69466 79704 1941406.6
399003 416781 2063160.4
127361 265078 1985554.0
382504 377642 1982784.4
152767 267448 1996165.3
406197 58392 1958470.3
92176 393067 2074218.4
69917 79452 1904637.7
262431 347104 1963673.8
77575 68665 2004449.8
94470 297346 1789699.9
56208 329851 1834797.1
159788 427086 1907546.8
350696 330608 1865391.7
32056 398565 1835985.7
35197 187954 1854619.3
230600 127885 2016487.0
257456 329687 1853903.8
171759 9149 2000926.9
343722 31025 1947084.7
410440 136593 1849357.0
399363 386137 1872115.6
136774 235999 1970624.5
113297 92670 1949290.3
3587 153217 1858789.9
182374 111288 2071672.6
32501 185030 1831648.9
123906 420636 1797444.7
183059 384473 1940274.4
432027 355967 2036255.8
149491 429352 2031582.7
251265 59710 1837294.9
297046 323273 1874323.9
341320 26723 1848558.7
369258 3059 2042020.3
188139 106687 1791219.7
352566 68878 1885739.5
430535 400812 2062265.8
311450 298180 2064521.5
289383 211124 2067450.1
187460 227936 1786982.2
84696 166311 1993423.6
27490 165671 1953197.8
380439 70649 1813768.6
374463 385325 1842365.2
409365 15028 2007246.4
343378 218772 1800706.9
121146 421168 1768854.4
231991 346441 1873280.8
429343 27915 1792208.5
166707 3139 2058898.0
39640 130243 1977179.8
374934 95918 2063029.3
229934 68250 1952639.2
370987 117167 1951563.4
406985 191549 2055962.5
82505 90907 1830760.0
69379 142631 2052328.9
135350 253693 1992946.6
421429 138122 1982352.7
150424 168783 1793022.4
171638 205790 2080487.2
332366 109481 1779952.9
137157 57728 1885225.6
281243 106596 2063379.1
9539 145630 1847131.6
158551 90751 1853962.9
288396 425189 1915989.7
137852 56436 1898988.7
238883 226532 1961482.0
269639 124673 1842450.1
119193 362318 1924732.0
250891 184149 2001823.3
348996 184054 1974114.1
121055 426487 1828558.3
408103 25208 2052157.9
161337 37211 1808867.8
30338 170203 1926964.9
141071 360967 1831412.5
332449 24004 1806010.3
220523 167848 1942646.8
430260 212771 1785126.7
250382 213605 1958370.4
239409 391209 1984426.3
320675 173488 2000487.1
184676 266536 1838888.2
306146 308689 1791506.2
122524 257595 1771337.2
52926 140011 2021743.9
418623 185732 1978196.8
129170 204108 2029151.5
12305 346049 2051493.1
54423 410575 2004028.3
273548 403051 2028499.0
135884 264635 1996241.8
416102 164674 1930793.8
185813 125096 2021095.9
129477 214687 1854869.5
372397 335567 1843411.9
168140 210915 2043308.8
344165 136181 1966741.6
189611 91685 1779899.2
34767 54564 1834278.4
184108 118675 1876534.0
137765 209893 1794779.5
362588 35042 1931001.1
53994 135019 1824918.7
106468 368046 1899331.6
404012 13453 1956400.0
35826 157651 1778099.2
142561 26310 1879663.3
153084 197698 1885405.3
238912 389524 1961888.5
311324 173650 1991239.3
201193 50000 1941531.7
409249 38196 2028664.9
27266 205357 2015193.7
360515 159081 1836061.3
371293 138863 1963360.3
259063 340325 2001049.9
183989 134358 2056693.3
370194 123643 1926710.8
252167 104446 1870960.3
143116 216952 2029292.8
150768 213373 1844500.6
99205 251833 1931316.7
104996 238754 1965903.4
391715 40570 2013933.1
131069 192600 1784289.1
207885 405802 1800078.1
159812 197833 2006426.2
142812 416243 2045449.0
73812 170760 2063694.4
330480 411136 1782421.3
414973 231227 1917167.8
330997 256784 1872168.4
158591 37385 1797952.9
71119 104386 2009463.7
167925 14694 2008161.4
130402 382887 1964776.6
155909 54099 1984130.5
367791 111787 2047138.3
153654 371871 1772836.9
435432 235546 1965141.4
218074 144466 1814442.4
24237 131159 1971360.7
163443 29685 1803517.0
425894 161816 1892198.8
355778 199946 2073582.4
256511 75044 1779621.7
50671 144600 2044613.2
186231 214723 1827366.1
49404 140770 1941515.5
348639 407372 1819654.3
54990 328906 1906573.3
187459 162137 2080489.6
204184 253671 1770499.6
105547 411921 2076052.6
265999 204499 1938951.1
69777 221996 2065966.9
405309 392189 1884489.4
180070 294561 1908285.1
413111 220150 1961040.4
83304 373153 1962242.5
330756 123012 1984582.3
285190 431851 1956119.8
259586 123501 1786300.6
157256 195742 2051467.6
137054 422550 1965461.2
291505 377370 1934988.4
402659 270484 2015534.8
79149 276973 1785307.3
344440 392477 1881110.2
170570 415285 2079361.0
368235 17556 1949546.2
340362 273165 2053972.9
239231 5071 2017094.2
214793 327187 1874597.8
171700 145950 1853285.2
400084 106244 1820201.8
2302 425710 1816127.5
366302 343042 1992203.8
187975 24210 1862404.3
146255 34807 1795738.9
26991 282305 1860677.8
94912 128114 2024966.2
61570 328905 1878146.2
59015 408828 2016010.3
138254 405896 1783123.9
159827 20475 1825161.4
71409 290103 2042900.2
12989 399735 1873487.8
3817 363337 2056329.4
332267 140734 1981177.0
251081 107211 2013844.3
259887 12563 1807914.1
161284 50745 1896695.8
187071 173279 1989191.5
272433 332234 1830138.7
423044 132210 2009211.1
328670 268673 1846465.0
27332 251848 1988937.1
265223 113458 1911267.7
209267 151580 1838788.6
234691 288649 2062476.4
238079 367862 2076084.7
226525 340671 1851681.7
119989 166583 1801122.7
98056 204422 2022072.4
216 226862 1916236.3
401662 14976 1801002.1
224388 187593 1977358.3
359719 193815 2061158.5
189255 323145 1945252.9
140739 104227 1889400.7
73468 239384 1886962.0
158533 12961 1863677.8
251582 421611 1793752.6
353592 195207 2003238.1
185789 216052 1851142.6
181494 159723 1890934.6
277038 162130 2065857.4
151383 101274 1780361.5
82509 390971 1898921.5
168980 389813 1918269.1
153662 63423 1977794.2
226670 270808 1811852.8
89383 335188 1981313.5
9887 286793 2052634.9
160454 336359 1985225.8
5420 159653 1857431.8
378414 43271 1941823.9
333046 407089 1949041.3
370738 403512 1897554.1
133815 113521 1838134.0
259006 207721 1775333.2
133705 411113 1921645.9
258321 118275 1791627.1
68610 365111 1952171.8
28164 89494 2010584.8
147862 167642 1911918.1
327086 111221 1945128.4
126488 385279 1860411.7
400144 220752 1777654.0
418189 282748 2003066.8
1410 263405 1820528.8
121749 340569 1843582.9
217639 280778 2074876.6
372400 37040 2046257.5
134941 270361 2010016.6
161384 336388 2030675.8
348390 220218 1802341.9
266950 206359 1775434.0
328438 120333 1908889.6
186672 383055 1993996.3
166931 114699 1892255.5
89099 159473 1831316.2
138514 88605 1912818.1
347125 262721 1918140.1
150941 422645 2018563.6
132309 361407 1871003.8
399720 263616 1982092.6
356114 86861 1855709.2
347872 61520 1932515.8
79458 303502 1815617.2
152944 359748 1805102.8
147408 282676 1777993.0
196354 321691 2044957.3
118466 90064 2066620.0
144076 265921 2047710.4
356213 133453 2071654.6
391882 353982 1956228.4
405721 211032 1867562.5
399519 269648 1909779.4
132857 163530 1885682.2
209562 171524 1992923.5
156557 169901 1889574.1
126467 184616 1950325.9
181176 407586 1995962.2
322990 303653 2048978.2
135504 326969 1977482.8
69048 131802 1857098.5
1281 150738 1923206.2
71119 192032 1905953.8
201136 147824 1950247.6
343600 369033 1988410.0
371559 278412 1906115.8
165676 201129 1839254.5
147969 67446 2033254.9
277086 47337 2033334.1
183340 11380 2050695.4
158107 215446 1858053.4
250233 268236 1776384.1
88012 160494 1837684.9
23843 157840 1778611.9
106049 158779 1844452.0
199786 147681 1933666.3
205405 34016 2026607.5
104053 143161 2021083.6
295536 195583 2061837.7
261616 118141 1832999.8
184428 26425 1893104.2
68476 197573 1926269.8
149469 169878 1867689.7
67097 354404 1859175.7
166510 29540 1965529.6
354000 295500 1952407.6
328185 264725 1802780.5
283070 217858 2004726.7
282553 422438 2016764.8
181 214216 1846895.8
256965 340098 1907610.1
363913 84828 1986253.9
221242 128345 1970276.2
211588 412878 1983874.0
208537 185727 1938525.4
280709 156199 1837162.0
60256 269197 1820083.0
211439 251250 1898156.2
206033 128324 1957548.4
71739 152884 2011594.0
399293 36751 1829151.4
108146 370320 1995092.8
415198 143804 1846530.4
133659 231080 1956568.3
172998 318726 1993435.9
121877 410456 1947308.8
30645 273115 1826960.8
204738 31535 2071536.7
283544 158677 1949278.9
195580 68748 1843227.7
203975 309137 1847590.3
401762 7397 1826367.4
63358 159447 1961031.4
105747 273962 1932848.8
366377 349258 1921976.8
157915 109579 1790816.5
250746 230891 1972805.2
210038 369783 2059394.5
192610 353881 2009610.1
403128 272369 2046694.3
219317 365631 2025664.9
155648 7263 1810312.3
346359 20049 1906034.5
331057 282193 1921120.9
363397 388669 1985686.9
421697 229537 1774694.5
402005 31072 1884477.1
119740 166153 1830192.4
140743 74197 2003672.2
169592 146010 1856401.6
70018 139404 2057575.3
9226 368889 1956233.5
342126 21546 1848573.7
219780 152835 1801183.6
216067 426815 1890031.6
129667 68332 1902989.5
170752 343673 1915608.1
92937 179858 1844468.8
137948 170917 1940734.0
306152 307562 1858401.4
385256 271176 2002944.1
418935 287062 1932265.9
124667 348861 1810581.7
379658 362560 2072048.8
144209 413230 2026776.1
31369 331740 1829612.8
344953 12599 1867924.9
420402 219632 1785100.0
142680 55444 2028686.5
198399 160903 2031391.3
49243 44797 1788357.4
200979 155544 1953484.9
55 116856 1891722.1
267483 124810 1812535.9
144916 73117 1962199.3
113543 70031 1973850.7
344842 63370 1944292.0
202789 259546 1947610.9
392373 365179 2079927.7
182008 424271 2071127.8
200574 50491 2032982.8
360468 83425 1844983.9
210893 254880 1956451.0
246310 320390 2052957.4
16095 187130 1821373.6
155145 64167 2016222.1
332536 51247 1848051.1
365048 208458 1965709.0
288070 108528 2069340.1
60550 400220 1803680.2
272333 122642 1864929.4
399859 100350 1786841.8
366420 221762 1979711.2
359129 237366 1972084.9
133815 368247 1881106.9
79141 372245 1792106.2
257438 73300 1815612.7
184112 261562 1954498.6
199241 151158 1962827.5
253950 225689 1845068.8
359255 356761 2033091.1
55697 137232 1872278.5
13840 373163 2047505.5
200641 69187 2073314.2
283051 222984 2009047.3
222285 430286 1819951.0
419210 157700 1951728.4
408185 132900 1944443.2
259102 154670 2010751.3
80657 166526 1897364.8
180748 424440 1900766.2
260477 74554 2048787.4
68787 80166 2003187.4
422635 254930 1799118.7
364906 85810 2077842.4
54133 145128 1957347.7
8306 131504 2010525.7
591 133820 1773908.5
231795 184302 1864981.9
156865 250262 2023914.4
170842 122860 1910107.6
369024 335082 1861842.1
377597 177767 1797483.1
160435 221196 1778364.4
215899 237417 2080614.1
225958 237403 2066816.8
160533 6805 1804719.1
333026 159488 1833096.1
64968 12582 1774307.2
164147 367538 1780979.5
125027 281970 1912618.0
118516 283759 1982343.1
406949 104764 1882227.7
35840 237461 1984325.2
221729 150637 1775950.3
368118 34961 1877809.3
29405 157098 1793895.7
410497 153801 2031961.3
373084 220839 2012715.1
101158 157480 1803850.6
182861 23322 1834002.1
346569 6358 1896730.9
115393 348488 1807030.6
379204 80212 1791181.0
84288 170363 2047142.2
332415 38542 1781854.3
272153 36622 2055954.7
115048 170770 1840383.1
368511 345876 1780699.6
312742 292365 1993654.6
330845 271443 1987420.6
130064 205307 1993593.4
84356 171110 1942559.5
411192 32106 1814031.7
339057 245792 2025248.8
53883 135845 1896328.6
236222 48722 1916553.4
130965 52848 2030011.3
408057 236390 1788503.8
68718 380973 1936927.6
29168 272346 1849302.7
216247 186616 1858383.1
182111 420970 1809535.0
70113 109204 2048159.8
171368 32853 1955069.8
168862 103109 2049583.9
409634 57948 1993823.8
22231 406426 1829391.7
20139 233451 2031578.2
331743 144001 2020951.6
418872 289865 2033287.6
151623 261916 2062183.0
187094 260742 1889934.7
67712 32758 1992564.4
372185 347591 2040881.8
388318 43244 1996876.9
296831 195198 2077559.8
