347948 221272 1982934.0
167824 73179 2073165.3
413750 403113 2037848.5
166421 30856 2038728.1
145881 237410 2048846.1
385545 129704 1996683.2
211737 133875 2040165.3
188252 412355 2023862.4
255147 214327 1979065.4
158798 57527 2047898.8
138495 102943 1990700.0
125091 265972 2007263.9
324911 302534 2022399.8
385789 352216 2054486.7
104245 66862 2075752.0
247060 394821 2026625.8
206297 157112 2003394.2
227937 370239 2052570.3
50721 331375 2029610.6
202148 74719 2068846.3
154193 59087 2038153.1
184788 416619 2037465.5
36981 68294 2066928.8
190 403091 2075137.3
251525 36646 2047395.4
390187 176491 2065274.3
282715 206026 2059234.9
152585 398830 2067408.6
68924 325859 2078632.0
358773 87610 2048133.6
220149 362450 2052471.6
72298 336676 2070290.7
373024 143921 1997408.0
250894 266083 1993683.7
431389 11596 2074739.4
158739 22917 1995969.7
134819 185797 2066275.4
359904 19075 2011234.0
253665 287549 2044775.1
409616 115206 2056579.0
75862 169614 2054392.5
10593 149383 1989735.1
88939 16953 2004496.6
255506 121169 2009790.1
204687 273205 2045567.8
226354 413818 2031353.6
53758 408621 2072574.2
72773 20704 2066028.4
141239 188036 2071195.7
220824 154966 2000216.0
158716 414101 2077972.9
102740 252967 2023987.5
176027 97024 2012037.8
78739 196663 2066746.6
344218 149077 2005996.7
283477 429138 2064365.0
401237 408004 1996330.5
272603 1181 2018754.3
73924 271574 2051158.7
287885 263986 2041638.6
106150 288149 2077276.9
38786 250927 2078056.6
428286 163887 1996063.3
88550 18684 2008571.8
265152 386684 2056603.1
106844 399636 1999528.9
213379 128018 2059235.1
335026 155036 2027853.5
283032 211650 2062133.3
103954 156394 1988511.2
23642 255047 2022439.5
345660 211277 2025246.4
418891 145086 2041139.2
69379 208596 2033627.8
317390 70266 2055875.0
63831 155710 2026388.5
71240 360685 1996889.7
263376 120091 1993319.4
141984 230898 2018045.9
154294 104126 1988372.9
327664 153459 2073385.0
272792 27547 1995557.5
296064 393210 2041531.2
191791 142386 2074034.9
133849 30952 2002472.1
188532 55296 2009917.6
105160 368061 2021175.2
362973 213050 2070657.7
202652 309244 1995892.4
368008 87783 2026889.9
128804 60009 2056580.5
271609 329880 1997791.0
27328 262591 1990494.0
275023 365110 2002921.3
129025 295202 2065449.3
346991 413780 2025969.5
66972 77755 2028258.5
245062 319575 2068561.0
125085 361848 2026079.5
69903 219177 2065323.9
132666 334841 2076648.8
282662 364402 2044324.6
132834 341301 2033392.3
371548 45251 2062560.2
51476 400709 2024787.5
188184 402215 1991994.3
365335 282949 2064129.4
49802 132228 2037850.8
284152 274033 2049635.3
365118 79803 2032711.5
109410 425725 2003694.5
227586 282308 2022963.9
376382 318197 2073364.5
60409 188364 2011042.0
167563 36184 2028601.1
73110 426541 2053047.4
401244 55410 2010325.7
412102 147315 2050313.3
133839 224157 2017874.0
39666 237334 2045980.1
101786 154123 1988189.1
381958 77752 2005883.3
210748 165054 2052739.3
123161 264649 1990606.1
296353 325550 1980866.7
185786 181826 1996687.5
13138 282433 2005742.8
190693 322025 2021809.9
22854 271394 1980295.3
216865 186649 2012125.6
27128 262444 1986038.1
313657 248848 1984151.3
390314 388374 1998658.2
260231 20166 2054223.8
364091 221071 2051559.4
164412 270671 2062745.9
104772 165701 2055726.6
160834 69435 2056321.9
221845 269909 2030364.8
122253 90886 2051536.2
216242 252981 2004220.6
134812 411767 2067959.8
340846 14892 2033393.5
256326 30528 1990954.9
88822 35197 2075751.2
185352 353793 2060081.7
142929 54193 2080402.3
231144 260218 1992751.4
322641 95680 1981718.8
37416 371696 2070364.1
395763 239849 2050032.2
405400 51774 2054967.7
150628 51514 2036445.7
411629 273427 2063679.3
273385 153325 2079145.5
20613 151518 1993855.5
109966 75440 1980248.9
284401 261293 2067994.4
290797 323005 2049839.0
274228 154452 2078433.9
37662 431506 2075918.4
73150 265420 2000250.0
94745 128396 2015366.0
151909 276189 2050395.8
104511 128253 2067759.1
256167 113724 2027631.2
149027 212887 1988841.6
216654 424395 2006093.4
162117 272322 2072661.1
266030 401192 2043942.3
366701 33946 2035382.1
403081 60402 1997535.0
56745 342321 2026322.9
74162 67831 2037279.5
250652 58013 2003338.9
170495 115418 1993360.6
361234 335090 1983296.3
406191 64555 2046342.0
60434 398961 2022549.1
420292 152746 2059576.4
163937 13465 1978268.3
301708 373578 2055890.6
377427 291919 2047274.8
67235 154525 2026837.2
228941 160321 1993165.2
54338 184881 1999133.6
164053 51777 2067293.9
393651 192310 2074608.0
274824 372100 2003688.7
277072 167459 2044362.9
184238 237692 1996136.1
410697 142790 2068107.1
130341 34548 2071699.0
9671 406290 2024856.8
16733 137498 2008178.8
348718 36433 2045240.9
385181 273527 2039751.6
25518 373059 2046526.3
80983 171111 2007706.4
182161 164033 2055496.3
399464 170380 2044151.8
233661 37300 2065840.9
373246 198267 1997856.4
90024 278668 2021118.0
103223 344562 2018185.3
131786 9319 2052837.4
424398 328904 2018769.3
415797 410466 2013818.4
281736 135983 2020057.9
276998 387329 2070767.7
341338 185947 2069937.3
236739 409988 1979441.9
407528 228216 1978499.2
362939 276882 1989229.4
151337 271259 2047672.6
317831 297396 1982464.4
220024 138601 1993679.4
23447 341467 1998621.8
382695 311355 2030409.4
121297 270354 2023609.4
128299 27918 2077796.5
341136 8473 2017424.6
105985 69158 2068483.8
151632 228523 1996235.4
7835 327883 1993678.8
413048 417786 2000119.2
368705 28862 2024705.4
104079 128012 2066566.4
288194 29204 2068339.4
430397 251984 1992477.7
411478 235136 2030179.1
71741 149404 2064892.1
168437 227387 2066684.5
69286 131177 2048545.1
24890 184290 2014586.5
332488 181948 2014240.0
122776 283119 2048058.0
24068 414858 1978641.5
261164 249911 2001191.6
404671 6841 1982877.4
282779 6717 2021392.7
129695 374883 2014222.0
279387 84665 2017264.4
140228 349188 1997956.8
145282 13992 1995112.5
371431 125335 2037116.6
86288 365335 2060354.0
140317 100130 1996120.1
340130 282319 2052778.5
153678 106106 1986158.0
88446 85760 2043014.4
416506 160781 2051476.2
327843 215725 2009433.9
392542 406324 2049659.7
103467 417361 1995192.0
109942 128527 2062923.7
382285 172437 2046959.7
412756 33778 2056491.1
128483 307911 2062992.2
139616 58026 2037076.4
3803 251813 2016801.6
252661 214767 1992199.2
413056 119485 2069610.0
366553 69974 2028749.2
365969 138582 2002866.3
347751 364767 2039302.3
165519 164160 2043840.1
433558 418413 2062592.0
303184 43993 2008100.5
157265 8671 1994010.4
405206 391920 2037742.8
129369 173191 1980031.8
217677 159982 1984635.4
254186 221112 1994853.4
342610 102821 2016176.6
353261 302294 2054916.5
254619 339818 2070415.5
208220 167163 2027610.8
344920 53873 2017740.3
209209 204303 2074028.3
121670 332524 2030031.0
221438 253230 2041523.8
59540 186101 2012997.4
139763 8724 1990188.8
340667 75222 1981040.1
346618 106623 2014127.5
129823 69341 2034639.2
1509 169453 2069294.2
209783 403265 1985477.8
66759 230709 2062784.5
181334 330846 2050729.5
87835 132195 2002903.2
140055 407460 1980984.4
104615 264272 1991013.3
243518 326314 2080199.7
209087 139735 2009556.8
140408 334850 2034706.4
204898 340549 2069073.0
107472 398926 2011362.7
70899 212703 2072928.2
271988 107997 2045982.3
54941 117720 1979859.0
265014 329206 2056369.7
157674 38087 2014577.0
292583 175893 2038721.3
103569 328119 2012530.3
341128 422703 2025799.0
49541 155342 2077269.2
410365 36718 1991623.9
225357 263323 1983598.9
415077 146885 2056808.7
396078 339133 1977911.9
160792 73229 2023810.6
333059 275687 2015011.1
364030 274227 2015357.0
364528 115849 2018627.0
141279 67519 2075591.8
130594 55464 2037409.2
182765 3122 2066557.4
265452 146967 2072438.0
270757 157511 2079497.4
70765 117259 2058819.7
319448 293753 2043977.2
10821 149449 2004248.8
64109 238830 2053853.7
368691 36570 2028851.0
125296 361124 2053831.5
406604 26390 2003508.7
72151 409592 2070140.4
401915 422850 2051614.2
343450 156964 2014190.0
44279 357536 2002929.3
406671 281875 2062819.7
422737 120938 1989281.9
95049 378055 2056923.0
159653 278440 2074909.1
230 115406 2006720.2
165403 361811 1990959.5
239518 183483 2000941.4
38097 139959 1988625.8
157363 429975 2064523.9
197032 42578 2046721.2
24666 184552 2001474.5
257789 332579 1987548.4
327854 29080 2002134.8
102718 141701 2016619.4
193473 317744 2019337.4
203529 65569 2072904.2
80753 370979 2053396.6
324075 290791 2062363.5
168060 57433 2073116.4
343707 131963 2055282.4
361941 83838 2078048.2
15139 162747 1986161.1
180920 127639 2047179.2
192533 338080 2019347.6
102160 141512 2046602.4
365685 117658 1989043.8
334182 19277 2076015.2
162219 4474 2020854.4
225925 414210 1980670.2
171093 231161 2036577.9
414320 150591 2022219.5
391427 193351 1998461.9
89758 344688 1981071.0
394676 314127 2028874.6
257679 123607 1979100.0
289244 212339 2072385.0
133709 150309 1984815.1
155821 229712 1983086.5
425211 111263 1989757.9
286789 105588 2079491.3
261118 136809 2062044.7
250357 8573 2030665.8
13159 154752 1992506.8
418342 155969 2028915.2
174875 92519 1994685.3
259521 118076 2003783.4
237951 182026 2002536.7
150698 53708 2039259.1
158523 209289 2001429.7
282452 225456 2016059.3
264358 207980 2022977.5
205009 3947 2058278.4
399136 254895 2026735.4
137909 180845 2021518.3
109190 341031 2019699.3
99448 414941 1980388.1
131435 406318 2055815.3
140007 209957 2033624.5
213019 341005 2004829.1
217995 408097 2059316.4
238304 164715 2077863.4
342342 100023 2022997.9
251902 32750 2048380.6
430287 118803 2007216.8
204345 4509 2051156.6
327580 339859 2069713.5
184583 272134 2037224.6
289725 267456 2056131.1
228270 166764 2036054.3
328328 221726 2016252.3
425439 1038 1985507.6
183963 347247 2025411.8
31164 68793 2078397.6
158439 90208 1992053.3
365352 206961 2069182.3
222310 153856 1992803.3
300675 394837 2039107.5
20749 180673 1987395.3
134535 74876 1984556.1
18939 405963 2076020.7
161593 6864 1991492.0
78925 159141 2075543.4
226481 283539 2062138.6
182729 22775 2061369.9
368114 2509 2053859.4
34772 207091 1997759.2
163382 33509 1985151.1
237738 227934 2026350.0
139981 370487 1977067.0
340754 176572 2066253.1
327117 258272 2014890.3
152469 87993 1982979.7
98778 426604 1984852.9
116272 87464 2069302.0
303340 91849 2078086.3
60915 204757 2070191.5
415477 149513 2022836.0
408760 12857 1994720.9
6660 408925 2063203.6
266483 146295 2035707.4
105054 252435 2008393.6
366762 354950 2053364.7
353584 290237 2031312.8
289544 33622 2079457.9
296168 173786 2017747.8
69082 74487 2047117.2
25566 262203 1979679.8
200720 139474 2041134.2
234656 287775 2080436.0
377354 298325 2020235.0
209284 410563 2027148.1
351279 428639 2064347.1
16481 401481 1985590.1
214937 412747 2056142.8
406126 54583 2031560.1
182803 219274 2007599.8
321021 177112 2019968.4
138130 58042 2016574.9
153848 82281 2075861.9
174021 184690 2034490.9
225145 265997 1998651.3
156364 49872 2073259.4
97385 371802 2056364.7
90671 333999 2034030.7
434141 72189 2033921.5
219787 351400 2063534.6
88672 336920 2034601.7
272307 140842 2069786.6
32160 329986 1998949.7
253878 133911 2040549.3
38349 267852 1987067.7
410815 108775 2045998.5
129932 179687 2001090.7
157416 238419 2053785.5
134562 270695 2039563.6
255784 341186 2078428.9
64771 283870 2062866.2
102697 67999 2066154.0
2137 289220 2054286.0
54351 144229 2036370.1
157183 258398 2065491.8
239800 395870 2067389.6
128519 208067 2052191.9
149688 53585 2045460.5
225359 255305 2006041.5
13562 158568 2025058.1
195635 70726 2030631.6
363542 69532 2012629.3
93210 354440 1981227.2
140382 59266 2017870.3
116437 331016 2057954.3
402502 141681 2073474.9
334400 169748 2077790.8
16803 344354 2048871.8
144290 54129 2035823.6
254135 23322 1996344.6
254443 347335 2030093.5
330485 431251 2049460.6
115559 405994 1981116.2
197172 293537 2065384.0
65381 128136 2076707.5
368818 60551 2072858.4
224175 152790 1979638.9
428428 148512 2053900.8
378871 89642 2046536.4
341905 14997 2033857.4
345103 197564 2031280.1
118819 372353 2066677.7
422758 407715 2049975.8
115583 272363 2028042.3
354809 171934 2007033.3
343045 59264 2025459.9
40227 19980 2025869.4
187722 12289 2027217.8
400594 97466 2027410.4
192523 378751 2057891.9
260839 146674 2065815.9
198037 403933 2042147.2
372005 343175 2062782.0
205509 23580 2071565.1
35541 424887 2039773.0
412386 183935 2049192.2
150081 199818 2021353.8
140142 348387 1994383.0
179203 191669 2035744.5
214918 183339 2028140.1
347082 116198 2028875.2
137484 364717 1983968.8
329226 100879 2027866.5
340242 209456 1988396.9
69466 79704 2034394.2
399003 416781 2074978.8
127361 265078 2049110.0
382504 377642 2048186.8
152767 267448 2052647.1
406197 58392 2040082.1
92176 393067 2078664.8
69917 79452 2022137.9
262431 347104 2041816.6
77575 68665 2055408.6
94470 297346 1983825.3
56208 329851 1998857.7
159788 427086 2023107.6
350696 330608 2009055.9
32056 398565 1999253.9
35197 187954 2005465.1
230600 127885 2059421.0
257456 329687 2005226.6
171759 9149 2054234.3
343722 31025 2036286.9
410440 136593 2003711.0
399363 386137 2011297.2
136774 235999 2044133.5
113297 92670 2037022.1
3587 153217 2006855.3
182374 111288 2077816.2
32501 185030 1997808.3
123906 420636 1986406.9
183059 384473 2034016.8
432027 355967 2066010.6
149491 429352 2064452.9
251265 59710 1999690.3
297046 323273 2012033.3
341320 26723 2003444.9
369258 3059 2067932.1
188139 106687 1984331.9
352566 68878 2015838.5
430535 400812 2074680.6
311450 298180 2075432.5
289383 211124 2076408.7
187460 227936 1982919.4
84696 166311 2051733.2
27490 165671 2038324.6
380439 70649 1991848.2
374463 385325 2001380.4
409365 15028 2056340.8
343378 218772 1987494.3
121146 421168 1976876.8
231991 346441 2011685.6
429343 27915 1984661.5
166707 3139 2073558.0
39640 130243 2046318.6
374934 95918 2074935.1
229934 68250 2038138.4
370987 117167 2037779.8
406985 191549 2072579.5
82505 90907 1997512.0
69379 142631 2071368.3
135350 253693 2051574.2
421429 138122 2048042.9
150424 168783 1984932.8
171638 205790 2080754.4
332366 109481 1980576.3
137157 57728 2015667.2
281243 106596 2075051.7
9539 145630 2002969.2
158551 90751 2005246.3
288396 425189 2025921.9
137852 56436 2020254.9
238883 226532 2041086.0
269639 124673 2001408.7
119193 362318 2028836.0
250891 184149 2054533.1
348996 184054 2045296.7
121055 426487 1996778.1
408103 25208 2071311.3
161337 37211 1990214.6
30338 170203 2029580.3
141071 360967 1997729.5
332449 24004 1989262.1
220523 167848 2034807.6
430260 212771 1982300.9
250382 213605 2040048.8
239409 391209 2048734.1
320675 173488 2054087.7
184676 266536 2000221.4
306146 308689 1984427.4
122524 257595 1977704.4
52926 140011 2061173.3
418623 185732 2046657.6
129170 204108 2063642.5
12305 346049 2071089.7
54423 410575 2055268.1
273548 403051 2063425.0
135884 264635 2052672.6
416102 164674 2030856.6
185813 125096 2060957.3
129477 214687 2005548.5
372397 335567 2001729.3
168140 210915 2068361.6
344165 136181 2042839.2
189611 91685 1980558.4
34767 54564 1998684.8
184108 118675 2012770.0
137765 209893 1985518.5
362588 35042 2030925.7
53994 135019 1995564.9
106468 368046 2020369.2
404012 13453 2039392.0
35826 157651 1979958.4
142561 26310 2013813.1
153084 197698 2015727.1
238912 389524 2041221.5
311324 173650 2051005.1
201193 50000 2034435.9
409249 38196 2063480.3
27266 205357 2058989.9
360515 159081 1999279.1
371293 138863 2041712.1
259063 340325 2054275.3
183989 134358 2072823.1
370194 123643 2029495.6
252167 104446 2010912.1
143116 216952 2063689.6
150768 213373 2002092.2
99205 251833 2031030.9
104996 238754 2042559.8
391715 40570 2058569.7
131069 192600 1982021.7
207885 405802 1987284.7
159812 197833 2056067.4
142812 416243 2069075.0
73812 170760 2075156.8
330480 411136 1981399.1
414973 231227 2026314.6
330997 256784 2011314.8
158591 37385 1986576.3
71119 104386 2057079.9
167925 14694 2056645.8
130402 382887 2042184.2
155909 54099 2048635.5
367791 111787 2069638.1
153654 371871 1978204.3
435432 235546 2042305.8
218074 144466 1992072.8
24237 131159 2044378.9
163443 29685 1988431.0
425894 161816 2017991.6
355778 199946 2078452.8
256511 75044 1980465.9
50671 144600 2068796.4
186231 214723 1996380.7
49404 140770 2034430.5
348639 407372 1993810.1
54990 328906 2022783.1
187459 162137 2080755.2
204184 253671 1977425.2
105547 411921 2079276.2
265999 204499 2033575.7
69777 221996 2075914.3
405309 392189 2015421.8
180070 294561 2023353.7
413111 220150 2040938.8
83304 373153 2041339.5
330756 123012 2048786.1
285190 431851 2039298.6
259586 123501 1982692.2
157256 195742 2071081.2
137054 422550 2042412.4
291505 377370 2032254.8
402659 270484 2059103.6
79149 276973 1982361.1
344440 392477 2014295.4
170570 415285 2080379.0
368235 17556 2037107.4
340362 273165 2071916.3
239231 5071 2059623.4
214793 327187 2012124.6
171700 145950 2005020.4
400084 106244 1993992.6
2302 425710 1992634.5
366302 343042 2051326.6
187975 24210 2008060.1
146255 34807 1985838.3
26991 282305 2007484.6
94912 128114 2062247.4
61570 328905 2013307.4
59015 408828 2059262.1
138254 405896 1981633.3
159827 20475 1995645.8
71409 290103 2068225.4
12989 399735 2011754.6
3817 363337 2072701.8
332267 140734 2047651.0
251081 107211 2058540.1
259887 12563 1989896.7
161284 50745 2019490.6
187071 173279 2050322.5
272433 332234 1997304.9
423044 132210 2056995.7
328670 268673 2002747.0
27332 251848 2050237.7
265223 113458 2024347.9
209267 151580 2000188.2
234691 288649 2074750.8
238079 367862 2079286.9
226525 340671 2004485.9
119989 166583 1987632.9
98056 204422 2061282.8
216 226862 2026004.1
401662 14976 1987592.7
224388 187593 2046378.1
359719 193815 2074311.5
189255 323145 2035676.3
140739 104227 2017058.9
73468 239384 2016246.0
158533 12961 2008484.6
251582 421611 1985176.2
353592 195207 2055004.7
185789 216052 2004306.2
181494 159723 2017570.2
277038 162130 2075877.8
151383 101274 1980712.5
82509 390971 2020232.5
168980 389813 2026681.7
153662 63423 2046523.4
226670 270808 1991209.6
89383 335188 2047696.5
9887 286793 2071470.3
160454 336359 2049000.6
5420 159653 2006402.6
378414 43271 2034533.3
333046 407089 2036939.1
370738 403512 2019776.7
133815 113521 1999970.0
259006 207721 1979036.4
133705 411113 2027807.3
258321 118275 1984467.7
68610 365111 2037982.6
28164 89494 2057453.6
147862 167642 2024564.7
327086 111221 2035634.8
126488 385279 2007395.9
400144 220752 1979810.0
418189 282748 2054947.6
1410 263405 1994101.6
121749 340569 2001786.3
217639 280778 2078884.2
372400 37040 2069344.5
134941 270361 2057264.2
161384 336388 2064150.6
348390 220218 1988039.3
266950 206359 1979070.0
328438 120333 2023555.2
186672 383055 2051924.1
166931 114699 2018010.5
89099 159473 1997697.4
138514 88605 2024864.7
347125 262721 2026638.7
150941 422645 2060113.2
132309 361407 2010926.6
399720 263616 2047956.2
356114 86861 2005828.4
347872 61520 2031430.6
79458 303502 1992464.4
152944 359748 1988959.6
147408 282676 1979923.0
196354 321691 2068911.1
118466 90064 2076132.0
144076 265921 2069828.8
356213 133453 2077810.2
391882 353982 2039334.8
405721 211032 2009779.5
399519 269648 2023851.8
132857 163530 2015819.4
209562 171524 2051566.5
156557 169901 2017116.7
126467 184616 2037367.3
181176 407586 2052579.4
322990 303653 2070251.4
135504 326969 2046419.6
69048 131802 2006291.5
1281 150738 2028327.4
71119 192032 2022576.6
201136 147824 2037341.2
343600 369033 2050062.0
371559 278412 2022630.6
165676 201129 2000343.5
147969 67446 2065010.3
277086 47337 2065036.7
183340 11380 2070823.8
158107 215446 2006609.8
250233 268236 1979386.7
88012 160494 1999820.3
23843 157840 1980129.3
106049 158779 2002076.0
199786 147681 2031814.1
205405 34016 2062794.5
104053 143161 2060953.2
295536 195583 2074537.9
261616 118141 1998258.6
184428 26425 2018293.4
68476 197573 2029348.6
149469 169878 2009821.9
67097 354404 2006983.9
166510 29540 2042435.2
354000 295500 2038061.2
328185 264725 1988185.5
283070 217858 2055500.9
282553 422438 2059513.6
181 214216 2002890.6
256965 340098 2023128.7
363913 84828 2049343.3
221242 128345 2044017.4
211588 412878 2048550.0
208537 185727 2033433.8
280709 156199 1999646.0
60256 269197 1993953.0
211439 251250 2019977.4
206033 128324 2039774.8
71739 152884 2057790.0
399293 36751 1996975.8
108146 370320 2052289.6
415198 143804 2002768.8
133659 231080 2039448.1
172998 318726 2051737.3
121877 410456 2036361.6
30645 273115 1996245.6
204738 31535 2077770.9
283544 158677 2037018.3
195580 68748 2001667.9
203975 309137 2003122.1
401762 7397 1996047.8
63358 159447 2040935.8
105747 273962 2031541.6
366377 349258 2027917.6
157915 109579 1984197.5
250746 230891 2044860.4
210038 369783 2073723.5
192610 353881 2057128.7
403128 272369 2069490.1
219317 365631 2062480.3
155648 7263 1990696.1
346359 20049 2022603.5
331057 282193 2027632.3
363397 388669 2049154.3
421697 229537 1978823.5
402005 31072 2015417.7
119740 166153 1997322.8
140743 74197 2055149.4
169592 146010 2006059.2
70018 139404 2073117.1
9226 368889 2039336.5
342126 21546 2003449.9
219780 152835 1987653.2
216067 426815 2017269.2
129667 68332 2021588.5
170752 343673 2025794.7
92937 179858 2002081.6
137948 170917 2034170.0
306152 307562 2006725.8
385256 271176 2054906.7
418935 287062 2031347.3
124667 348861 1990785.9
379658 362560 2077941.6
144209 413230 2062850.7
31369 331740 1997129.6
344953 12599 2009900.3
420402 219632 1982292.0
142680 55444 2063487.5
198399 160903 2064389.1
49243 44797 1983377.8
200979 155544 2038420.3
55 116856 2017832.7
267483 124810 1991437.3
144916 73117 2041325.1
113543 70031 2045208.9
344842 63370 2035356.0
202789 259546 2036462.3
392373 365179 2080567.9
182008 424271 2077634.6
200574 50491 2064919.6
360468 83425 2002253.3
210893 254880 2039409.0
246310 320390 2071577.8
16095 187130 1994383.2
155145 64167 2059332.7
332536 51247 2003275.7
365048 208458 2042495.0
288070 108528 2077038.7
60550 400220 1988485.4
272333 122642 2008901.8
399859 100350 1982872.6
366420 221762 2047162.4
359129 237366 2044620.3
133815 368247 2014294.3
79141 372245 1984627.4
257438 73300 1992462.9
184112 261562 2038758.2
199241 151158 2041534.5
253950 225689 2002281.6
359255 356761 2064955.7
55697 137232 2011351.5
13840 373163 2069760.5
200641 69187 2078363.4
283051 222984 2056941.1
222285 430286 1993909.0
419210 157700 2037834.8
408185 132900 2035406.4
259102 154670 2057509.1
80657 166526 2019713.6
180748 424440 2020847.4
260477 74554 2070187.8
68787 80166 2054987.8
422635 254930 1986964.9
364906 85810 2079872.8
54133 145128 2039707.9
8306 131504 2057433.9
591 133820 1978561.5
231795 184302 2008919.3
156865 250262 2061896.8
170842 122860 2023961.2
369024 335082 2007872.7
377597 177767 1986419.7
160435 221196 1980046.8
215899 237417 2080796.7
225958 237403 2076197.6
160533 6805 1988831.7
333026 159488 1998290.7
64968 12582 1978694.4
164147 367538 1980918.5
125027 281970 2024798.0
118516 283759 2048039.7
406949 104764 2014667.9
35840 237461 2048700.4
221729 150637 1979242.1
368118 34961 2013195.1
29405 157098 1985223.9
410497 153801 2064579.1
373084 220839 2058163.7
101158 157480 1988542.2
182861 23322 1998592.7
346569 6358 2019502.3
115393 348488 1989602.2
379204 80212 1984319.0
84288 170363 2069639.4
332415 38542 1981210.1
272153 36622 2072576.9
115048 170770 2000719.7
368511 345876 1980825.2
312742 292365 2051810.2
330845 271443 2049732.2
130064 205307 2051789.8
84356 171110 2034778.5
411192 32106 1991935.9
339057 245792 2062341.6
53883 135845 2019368.2
236222 48722 2026109.8
130965 52848 2063929.1
408057 236390 1983426.6
68718 380973 2032901.2
29168 272346 2003692.9
216247 186616 2006719.7
182111 420970 1990437.0
70113 109204 2069978.6
171368 32853 2038948.6
168862 103109 2070453.3
409634 57948 2051866.6
22231 406426 1997055.9
20139 233451 2064451.4
331743 144001 2060909.2
418872 289865 2065021.2
151623 261916 2074653.0
187094 260742 2017236.9
67712 32758 2051446.8
372185 347591 2067552.6
388318 43244 2052884.3
296831 195198 2079778.6
