96091 99074 76329.0
62812 64647 76554.5
148939 151053 87280.0
209402 200907 77597.5
142281 186882 76906.0
119250 119157 87268.0
165481 168933 77809.5
46160 127802 87995.0
161669 211198 82022.0
52228 27209 91488.5
108663 94241 76040.0
120824 70234 79645.5
23765 24677 74634.0
105360 21320 91896.5
140898 140034 81808.5
160501 177298 85600.5
141102 209724 82025.5
121137 48469 95948.0
143182 145163 84637.0
59693 64504 83402.0
247720 255686 89932.5
55844 52318 76355.5
200353 138941 96031.0
46583 126019 93773.0
164542 172206 92011.0
18594 17512 86565.5
67779 124923 83345.0
189759 55838 72985.0
171446 170311 86067.0
107741 109260 90386.0
45860 128136 81059.0
246711 244604 88206.0
104430 26251 76547.5
88990 81126 95659.0
95800 94618 94773.5
39450 105031 78307.5
162143 168113 83485.0
262348 244603 95445.0
135357 139005 95162.5
203291 208485 85395.5
35765 47041 89047.0
69111 127541 87563.5
126598 125045 85613.5
80478 79571 93191.0
109532 107040 80096.5
66380 64153 84483.5
224466 224241 86710.0
156196 153824 79652.5
40732 39856 80986.5
183738 153526 93116.0
140529 141350 84889.0
37623 48408 78694.0
206473 214547 82677.5
129488 68981 89522.0
201062 198329 91747.0
156969 177302 79114.5
52302 56016 79964.5
17423 112647 78497.5
142807 197266 86430.5
127503 124295 95735.5
199121 201102 81544.5
33556 17923 73146.5
186770 147000 75598.5
158217 168982 91233.5
158247 156502 86118.5
60073 67115 72936.0
258891 254950 94539.0
149918 142944 87476.5
261742 253189 81963.0
129023 126032 95416.0
217719 147249 79008.0
152542 162737 93526.5
243196 263761 90144.5
142683 197224 89704.5
164905 209318 93837.0
206666 209116 72863.0
35697 43989 96430.0
205466 211119 93271.5
156606 175413 85863.0
99847 43179 94250.0
195958 140980 80985.5
162530 165631 86648.5
132079 126494 93848.5
30789 106830 80423.5
165280 167232 76318.5
137786 188509 91963.5
251690 248249 80065.5
195330 205339 95744.0
238720 264301 82511.5
177730 178246 86976.0
92389 115403 87422.0
109372 110038 86964.5
197522 188143 84138.0
146437 141557 90836.0
202494 200135 73417.5
49063 53982 94727.5
74343 72954 72918.0
67173 59290 94924.0
162193 166011 96352.0
22734 18080 86605.0
39844 18347 93974.5
184995 163028 88266.0
113957 107533 92689.0
168604 152019 95959.0
85351 81339 83561.5
104156 36027 80821.0
27200 104071 93210.5
129916 69276 78759.5
153547 163593 86194.0
199553 204759 94239.0
68059 69051 74697.5
81020 80984 72997.5
48738 46610 79469.5
49110 130686 82865.5
80919 87587 96183.0
127163 47963 81730.0
40050 38966 89331.5
214417 145746 76206.0
164769 210007 90432.0
217641 224802 91519.0
134987 138022 78161.5
201695 179088 75318.5
262826 258850 75776.5
210146 203066 94863.0
107498 33385 83888.5
60016 120918 95994.5
264048 236733 92673.0
250658 254879 92159.0
161392 164020 78756.5
154820 171611 93485.0
250908 133510 74509.5
43083 102311 89363.0
19178 21914 74240.0
229617 226475 95819.5
258561 244342 94884.5
132295 131124 72766.5
50536 42882 80801.0
120770 67745 75853.5
121491 70079 80380.0
6731 29210 87084.5
196162 203910 84218.5
125582 123352 83120.0
167559 153253 80959.5
55892 140688 92454.5
45187 45172 93064.0
51259 27183 86476.5
165415 154224 83343.0
70070 71664 86801.0
49635 48315 80391.5
20470 15707 93741.0
201000 139275 81296.5
174459 153796 96178.0
147595 149643 85718.5
258596 261228 81351.0
204541 214951 93362.0
163000 185186 91835.0
184707 201943 86148.5
109651 112056 81094.0
198987 206490 95670.5
149288 150007 77284.5
118186 60403 83502.5
108726 36101 92674.5
163048 211982 72750.5
23464 27956 81444.5
186164 178113 94510.5
88507 90541 91371.0
129208 131949 72786.5
20875 17698 95795.5
127326 129518 82900.5
81581 85775 89125.5
174581 152361 80830.5
55720 53954 79692.5
10414 233506 92536.0
56034 190191 77028.0
195222 172155 95546.0
168410 163182 79813.0
187675 23932 92561.5
257001 259963 78749.0
142266 196352 79230.5
208463 209098 91557.5
213978 167143 94295.5
166647 167869 77794.5
222767 223384 78898.0
133738 252239 80112.5
196461 141505 88219.0
78181 119642 95593.5
145108 142114 77590.0
228068 230270 94839.0
201616 200512 81811.5
127972 123042 95644.0
202107 205208 72894.5
103630 13071 75198.5
85832 80444 96291.5
125306 129941 78190.5
192701 114083 86004.0
61619 64796 91616.0
112816 18366 82277.0
140556 144644 81236.0
247687 255564 85424.5
205980 201149 86199.0
212258 169151 73373.5
135556 188497 81004.5
132630 137549 96060.5
154493 165624 89840.0
156284 157489 88501.0
202618 140563 95886.5
155919 168715 95297.5
95478 97847 83580.5
36545 29294 94513.5
121790 123030 82681.0
164548 161761 80808.5
216772 151174 90198.5
28721 13956 87120.5
127811 124920 90946.0
17245 18351 74100.5
185914 176109 91256.0
171598 167929 79600.0
8504 15327 79445.5
19389 17403 81285.0
12284 20651 88565.0
33261 111988 87113.5
154004 160571 78878.0
131939 120872 85337.5
229769 232223 84923.0
62180 65312 93507.5
252058 254375 78457.0
88336 87538 91539.0
176123 185792 85529.5
164372 210360 78052.5
150774 143869 79920.0
168740 164699 83599.5
199389 139169 96153.0
71927 63025 93596.0
134446 249816 78421.0
27672 18720 84606.5
109630 109822 82233.0
140557 190449 82531.5
47019 128070 74645.0
206395 202263 86335.0
142797 151254 89633.5
124633 122112 87498.5
20165 11379 86671.5
195814 214961 73752.5
254266 257042 90419.0
143721 148593 73489.5
124390 59814 72928.0
141395 204089 94826.5
211117 145979 94733.5
25539 113339 85927.5
43899 39417 92221.0
21890 19266 79701.5
44298 43326 75343.0
130167 125295 90222.5
148446 145233 93453.0
251729 256095 93020.0
140484 190109 83945.5
25589 23033 82435.5
199712 208629 84287.5
30052 226991 78740.0
156331 167264 94857.5
62076 63367 91289.0
99145 101930 83129.5
73001 74911 81749.0
226477 229459 94928.5
199242 201374 86273.0
186106 161015 96404.5
25977 20613 75737.0
163379 165654 79212.0
54350 56227 87115.5
184138 165150 77763.0
126572 125028 75563.5
59420 124276 80928.5
65501 66009 85356.0
184601 174459 86432.0
142067 147105 93792.0
79701 80163 86203.0
110279 107623 77939.0
214984 135490 81722.0
163891 212266 95107.0
168227 211562 96512.5
26460 36891 89242.5
174188 167143 73171.5
36835 110333 77837.0
17887 22907 96176.0
116286 42144 89517.0
170572 161489 94425.0
170050 165458 75304.5
209237 197194 96244.5
29457 34430 76636.5
227795 228262 92794.5
177346 156161 77952.0
7595 9013 96632.0
207678 196411 92097.5
25741 19586 95063.0
143064 149234 95613.5
29290 36979 87683.5
231041 231583 91680.5
248059 255785 88041.0
23434 14095 81928.5
185975 180339 76493.0
130531 38093 87709.0
229434 232545 87655.0
37620 49125 92220.5
82624 91961 93142.5
56752 54988 84825.5
66153 63629 88996.0
251470 246171 77027.0
161524 213678 74771.5
75482 79284 92752.5
19044 33530 84274.5
91177 88478 83170.0
121555 68844 73886.5
79133 78605 92793.0
155415 168255 87434.5
229576 230475 77028.0
26986 41313 87811.5
179550 162964 93502.0
182913 184484 81268.5
26887 21384 78990.0
226932 225233 93931.0
202918 201557 95157.5
143373 148128 84211.0
171241 163852 95535.5
252214 138812 94700.5
43087 47063 93672.5
151401 142430 83676.5
24326 27679 94635.5
134788 24275 92166.0
196609 204698 85951.0
190797 12316 91485.0
245904 250258 87995.5
232883 9729 92799.0
263292 258706 78427.5
180944 201235 92175.5
143504 190445 92970.0
78956 77421 73263.5
232444 10319 84605.5
201007 208215 93259.5
205955 200014 85846.5
51055 190615 81409.0
2505 1223 75527.0
167160 163369 80168.5
187129 196559 94770.0
98888 42439 90227.0
2198 5185 81130.0
128675 120882 77338.5
86217 88287 93353.5
8627 9277 76496.5
73725 74531 87580.5
232896 232361 77923.0
185324 209960 86654.5
154495 157421 86477.5
204908 206578 96103.0
44301 43341 86715.5
69826 72197 81309.0
240889 246878 92545.0
210150 206296 83171.5
25234 134640 83060.5
140823 140112 85604.0
239074 244679 87306.5
177038 175078 88057.5
21940 10702 91825.5
75445 73229 80757.5
101264 123697 84624.5
253134 250370 93169.0
109147 103832 73373.0
17140 22671 93771.0
136289 134436 78310.5
254272 263981 95278.0
147260 143733 81314.5
198589 195123 74506.0
245211 236883 88362.0
222660 215533 85382.0
34340 32137 82489.0
163091 174164 86941.0
31857 30114 94226.0
162225 164949 91784.5
222171 216192 78064.0
224085 224461 83118.0
200189 202378 73990.5
238138 257923 93827.0
231047 228491 93510.0
126746 128041 75470.5
39738 113952 73579.5
117822 124219 81874.5
19341 22980 77054.0
208008 200912 82282.5
15937 10281 91566.5
136694 138690 87408.0
99295 100584 96446.5
141078 140411 82829.5
191734 194042 94887.0
44481 126849 96492.0
216575 221719 78535.5
139898 140917 81905.0
173434 165927 95632.0
106985 92757 94140.0
1916 1499 88499.0
144420 204014 83792.0
88487 89436 78000.0
214536 211269 85170.0
22629 10576 91039.0
127820 121269 82924.0
153651 170105 93713.0
21941 28344 84003.5
120719 127696 80785.0
200616 201838 76733.5
123956 132494 95730.5
64986 74598 84812.5
213032 162168 76839.0
163041 184373 73065.0
189890 140847 84068.0
189471 139603 72678.5
25005 188304 90439.0
112293 17677 91472.5
221453 216213 79248.5
111670 17269 76188.0
226918 227935 78751.5
33835 109836 91733.0
76498 78025 95486.5
196820 194563 90884.0
206175 202025 85279.0
259899 247080 89611.5
203806 207854 73916.5
234065 227641 83689.5
196111 203092 76069.5
167815 154649 74219.0
124075 122815 90929.0
166002 185079 92848.0
6970 15495 93569.5
129537 127400 79935.5
104214 110574 85974.0
217341 223580 77019.5
254085 253786 80389.5
18981 28245 90451.5
230739 232978 87312.5
171853 152121 92250.0
36676 104820 73968.5
217701 151202 83298.5
220136 72675 88133.5
211544 163280 96443.5
121423 127270 96631.5
130907 129250 92902.5
184132 208915 81137.5
15696 20159 80370.5
120769 124815 85668.0
160203 157361 84132.5
214112 184911 75771.5
255827 258553 92201.5
143087 224232 87307.5
42810 35951 88015.5
235609 228388 86668.5
199359 201276 84321.0
157088 166890 91857.5
205621 199653 93112.0
201213 206818 85727.0
154012 169394 88289.5
151306 206744 86599.5
16954 31889 76444.0
199254 201094 80507.5
153427 168720 91698.0
128302 131855 82490.5
226320 225357 74771.0
233651 29682 93214.0
128683 121476 92616.5
116848 124816 90212.5
80770 83963 94939.0
170540 211034 96685.5
9167 21586 91967.0
180217 184415 90248.5
207096 146007 76289.5
134919 188082 75156.5
205225 210313 96515.5
249331 242312 85049.5
71234 67789 90149.0
17843 112174 81547.5
40485 53152 72743.0
195328 161941 88427.5
7260 6694 81988.5
233072 233562 94052.0
162951 201990 80115.5
165930 215157 89175.5
127179 129651 79448.5
160975 176578 93583.5
110134 32785 90804.0
189424 195425 86128.0
110685 111966 84348.0
210740 203964 87870.5
142706 140764 78611.0
146889 151595 76804.0
26092 13644 92511.5
7316 8247 88336.0
161318 210993 78080.0
7395 32240 76362.0
166948 183207 79380.0
77646 71326 74194.0
211830 201306 96262.0
142772 190333 93535.0
197285 190091 92695.5
29155 25247 90505.0
245950 245449 87613.0
162733 209755 78879.5
108967 41941 78940.0
208676 162621 93627.0
33432 111372 87791.0
233473 6765 83403.0
166778 209833 93543.0
75958 88398 84282.0
72553 68632 92845.0
6746 34617 78919.0
175464 160214 79115.5
211469 151569 94150.0
23793 134955 77074.5
26992 41056 94284.5
105572 104643 75058.5
39567 40668 84098.0
154531 167586 93691.5
60245 118071 88867.5
156885 152489 92534.0
227700 231153 94029.5
136714 197781 74029.5
206952 212259 88282.5
160690 153153 90921.0
36200 110596 76877.0
202445 206502 75039.5
223191 54231 74506.5
181465 166639 78253.5
153821 172741 95807.5
52291 55347 81801.5
7206 31365 74614.5
186409 151778 93353.5
155981 175399 80979.0
188330 195174 91665.5
144698 203733 73070.5
10278 232279 90736.0
96809 100552 95780.5
35704 45703 94619.0
139997 147414 91219.0
145516 207791 87284.0
203256 144444 80917.5
24319 20672 95357.5
4911 262327 75673.5
62339 78642 84488.5
119630 59705 77078.0
216938 223784 94877.0
18838 23274 95731.0
259928 246796 87943.0
244904 247771 80131.5
21640 13126 86930.5
240905 242568 93420.0
248739 242134 95199.0
129376 125852 76193.0
170872 165199 82739.5
249844 250193 74418.5
138036 133273 83417.5
2839 3225 78800.0
135568 138381 90104.5
55549 140686 95779.5
189859 55749 73213.0
184706 209999 85818.0
122886 127657 85540.0
31967 31255 85630.0
72221 64604 90636.0
150940 142737 96467.0
139238 138512 73071.0
122608 121986 94738.0
61465 65061 96046.5
6961 6532 80914.5
12381 10049 84810.5
199819 209736 95116.5
210149 214392 85221.0
190388 142534 86006.0
52512 51896 76814.0
38683 129950 85628.5
54896 48635 92947.5
73019 221024 88969.5
138966 132965 83106.0
164805 166358 85784.0
254872 255759 82762.5
249305 246238 86003.5
206344 210850 86215.5
223237 216829 81200.0
22672 18752 84738.0
108063 110330 93513.5
164371 163172 90439.0
17548 21062 91956.0
80746 90847 87670.5
107474 110294 79438.5
145414 151904 87618.0
154602 159067 90948.5
36962 44378 89201.5
121945 118121 80054.5
167934 211028 94814.5
212465 211602 72936.5
218632 217503 86204.0
66529 57395 78087.0
73229 66263 78605.0
190182 52399 80888.0
65040 61485 89004.5
140653 188964 80345.5
16948 110862 90300.0
85268 86806 90996.0
129799 131653 82830.5
40811 50532 92114.5
19726 23339 87976.0
156364 167197 94904.0
249741 240340 91673.0
50079 36675 92084.5
105775 40146 94851.5
104202 109984 94970.5
136805 133193 79788.5
111144 112411 78402.5
76051 76210 88668.5
105068 39413 80461.0
217920 223296 77602.0
29369 49524 88599.0
159452 154859 91688.0
48107 50223 73351.5
222114 54278 81557.0
8473 19617 91604.5
1100 3216 76719.0
48390 130279 83118.5
21662 10283 93370.5
4094 1143 85306.0
198791 200556 81420.5
220012 220224 94737.5
50404 109162 81935.5
141523 195125 85313.0
76910 68118 74753.5
185842 180177 83564.0
210390 164294 73148.0
25959 21769 93237.5
231151 230590 81109.5
60688 58239 80938.5
48727 38381 86994.0
19962 25776 94180.5
189500 136950 80501.5
179802 173848 93879.5
187679 132891 75123.5
99310 98401 95985.0
166991 155311 94871.5
29071 48748 79526.0
164313 153738 93530.0
145187 141715 85386.0
183920 167064 84245.5
19395 16853 86237.0
107264 107440 74622.0
241797 250595 84943.0
165156 162222 95434.5
189321 197758 86337.0
112393 18950 75135.5
12087 25877 85462.5
112146 110664 82807.0
174625 152291 93150.0
163493 168209 81842.5
67851 71221 90862.5
228799 14221 96022.0
169883 170796 75892.0
52762 52219 94947.0
240770 245614 88247.0
220628 222482 86470.0
174135 184551 81303.0
239814 244959 86076.0
205578 208642 88834.0
147819 223962 94950.0
207820 164132 90333.0
39790 40631 82093.5
39148 112913 93168.0
66787 127836 96650.5
50067 93791 90683.5
260457 247774 95989.5
145574 150034 83468.0
9559 15850 82607.5
47079 53552 91312.5
41002 44352 73973.0
208831 163045 94527.5
217480 216947 77907.5
151903 195370 82079.0
71234 67270 75716.5
189004 198108 74342.0
157576 153772 78493.5
17969 19911 86270.0
153405 153075 87650.5
112303 15212 86350.0
221182 220194 87511.5
146824 144722 73919.0
111253 108243 93561.0
48871 44704 96553.5
43024 100544 91956.5
77750 120120 76577.0
154794 168239 86189.0
179500 209176 90401.5
10284 35246 94379.5
151224 148693 83627.0
151007 147512 76263.5
250816 133479 72621.5
88485 75489 93103.0
218709 223550 79989.5
250342 254871 95340.0
214295 188154 90360.5
26034 24647 84005.5
251097 246840 86228.0
120786 67220 85870.5
212234 163898 93623.0
110663 111046 79568.0
205562 210343 84534.5
22966 20049 73608.5
45268 123670 89162.0
170510 169632 84692.0
31790 15057 86401.0
31794 7414 75143.0
224160 218355 74401.5
52758 50672 94354.0
20513 17158 87890.0
121072 132177 91664.5
217318 216110 72747.5
186228 55130 95084.0
179184 163005 90367.5
15417 9876 96565.5
77752 116546 88949.5
11505 28293 92383.0
262063 263054 88526.0
28046 19326 94386.5
12884 19517 92908.5
29097 54904 92248.5
59133 117904 94187.5
53113 46844 89626.5
219429 215772 83049.5
83549 84218 80777.0
16969 33957 86178.0
33973 105171 90142.5
60301 76942 83069.5
215372 218461 91882.0
43807 37395 79998.0
209800 203561 95518.5
85357 88591 87318.5
181334 166829 90658.5
196329 203470 78971.0
23764 22714 84745.5
170570 152567 95530.5
107856 112435 86703.0
190712 137810 81201.0
148896 150941 82508.0
209859 181137 79185.5
215900 219593 74878.5
104967 27383 82708.5
149960 146041 91859.0
157432 154278 87744.5
214166 164254 86774.0
209766 162725 75560.5
37254 29313 83313.5
202191 199691 92614.5
65880 76765 95534.5
169754 167546 74369.0
154656 167529 86437.0
150368 144891 79587.0
112601 113699 74256.0
207328 209147 87479.5
31719 109848 80770.0
247023 255864 82046.0
35808 48049 86976.0
150937 217269 85616.5
153669 157955 84586.5
212975 161484 81271.5
39322 43775 91402.5
200409 209968 94532.0
161812 210941 95102.5
256400 255516 72737.5
198174 140961 85796.5
243645 245362 89471.5
107172 109777 86502.5
68365 72377 75870.0
185969 163688 90478.0
202730 206840 80887.0
165393 161448 76047.5
11656 27983 92757.5
70918 62940 73075.0
243507 242829 87795.5
38365 48827 96627.5
46366 44458 81533.0
211619 165731 84892.5
189448 196730 94475.5
148320 151998 78075.5
176681 179306 78003.0
17084 18130 74203.5
149684 147329 85647.5
178748 182752 94415.5
148555 147174 83685.0
63687 61980 73633.5
214551 203297 96036.0
151443 195746 93010.5
119955 59447 76056.0
141086 197017 77911.5
175490 157544 85541.0
219242 215684 80733.0
217514 215526 72786.0
207125 202338 82167.5
38026 42559 96563.5
189456 190085 80792.5
201425 210203 79283.0
204806 212687 93831.0
254329 255484 94254.5
251076 252568 72796.5
29251 26995 81306.5
142800 186914 88905.0
74310 73023 75061.0
109508 109929 85511.5
71599 72700 74261.5
110273 14757 96549.0
202732 198035 91025.5
142335 186520 75418.5
50503 105564 90061.0
198918 197022 85222.0
83181 82278 78987.5
41528 46420 74078.0
69807 220429 95477.5
210786 208532 73487.5
182565 179334 93269.5
206677 209029 82267.0
155832 177385 95852.5
69029 121207 92014.5
217568 216225 93761.0
196529 205630 81934.5
206060 202000 83498.5
137408 189552 90063.0
185834 208822 93937.0
196445 199216 96053.0
19952 23034 79500.5
181453 166530 80842.5
127857 131252 81959.5
241208 240060 88312.5
167870 162730 86135.0
126568 130287 73608.5
164177 184391 84353.0
29738 31777 92512.0
69231 71870 88388.5
47250 126774 77040.0
116435 58711 75799.5
141766 194690 79694.5
220099 219683 96077.5
144357 146182 80040.0
27237 33994 92362.5
100778 122665 94388.0
45672 130095 87095.0
47995 130215 79170.5
255652 260530 90994.5
17096 103496 89765.5
127176 47349 77900.0
245732 255506 88678.0
189767 141393 90302.0
212233 171225 95883.0
204779 146812 86863.0
137817 133389 91163.5
21761 22751 75984.0
220017 217366 95186.5
196711 141676 76139.5
248064 264079 92400.5
103742 50507 96478.5
68533 128399 91144.0
204603 144134 93180.5
200680 203126 91171.5
113044 26239 91293.5
202623 145526 92113.0
55444 50816 89186.0
235382 8054 79085.0
251705 254337 81311.0
121936 101325 82773.5
186823 55788 82025.0
18526 26266 87968.5
255774 246520 84968.0
218654 221882 94639.5
47342 35859 87699.0
159613 153192 93275.0
194904 142271 83347.5
16120 10464 85937.0
214876 196037 81465.0
149758 148395 72708.0
129291 125779 80396.0
102404 102659 77654.5
124336 58361 89440.0
222185 215728 80849.5
168528 155873 79610.5
151618 147731 80579.5
58302 116940 85805.5
104250 112401 85620.5
136922 252170 78729.0
166635 213735 92216.5
40862 39044 95415.0
107448 92948 82513.5
167803 152463 75772.5
61777 65391 88923.0
127034 46176 72843.5
120515 67253 86137.0
153343 163871 88850.5
245807 259963 90306.0
121737 123508 95250.5
168314 161237 86824.0
186947 135278 89912.0
213780 166737 96183.0
121212 126423 78892.0
35516 38176 93866.5
29648 30681 84977.0
252047 137098 85399.5
194507 192736 75542.0
116860 117731 77359.5
8223 16385 80167.5
144889 143538 77262.0
33121 33616 90124.5
98888 102639 94030.0
39664 36656 79228.0
29217 54750 95635.5
33609 33039 85698.0
149411 143098 76826.5
152410 184518 81783.5
107015 92591 90093.0
235622 225199 89897.0
252187 133117 87214.0
48894 46618 77613.5
187764 23043 93823.0
256728 256305 75884.0
200355 198047 90189.0
86775 90484 91870.5
68187 129015 85243.0
37027 104025 83412.0
229646 230783 83411.0
175152 156511 86847.5
200733 203117 89206.5
34723 6946 91407.5
185643 166522 76820.5
180756 182819 78210.5
262490 262815 96400.0
202496 142413 78932.0
111218 18562 87313.5
232622 232217 82840.0
168043 211445 86601.5
29217 38173 89686.5
182904 184279 88461.5
256901 263371 85476.0
164761 162615 87898.5
83073 81927 84081.0
51518 186672 88711.0
195307 189386 82386.5
163586 165999 82998.5
119629 123584 90432.5
16801 10345 76394.0
130158 121084 88989.5
139183 137996 84134.5
147391 149212 81064.0
187030 197516 85377.0
112463 110531 88236.0
172285 167736 79217.0
35687 43516 90962.0
239775 244941 89534.0
163396 152274 93854.0
135807 14387 88908.5
89870 88885 82870.0
196193 197351 79592.0
124039 67657 91568.5
11156 16509 92131.5
141493 190200 78145.0
54918 189644 91956.0
125713 124277 77978.0
33139 7776 91331.0
128127 46547 76711.5
232812 12629 94435.5
6861 30158 95405.5
107728 109277 78988.5
9037 230824 76819.0
37673 53562 91356.0
19103 15796 75869.5
107914 112524 95506.5
140347 148549 87473.0
201848 205238 88888.0
69513 121097 78385.5
213973 167645 90800.5
67617 123400 93150.0
211017 204516 90685.0
129954 35976 86739.0
37058 105775 93865.5
17095 20966 87982.0
134986 197603 95729.0
155926 155476 73882.0
215813 221695 95411.5
209166 200128 88133.0
41385 48699 83588.0
171143 166118 86517.0
112273 104192 82738.5
10886 12446 84047.5
133731 138343 81221.5
234860 235434 94832.5
56610 151285 81449.5
142717 144527 74177.0
164135 214713 76241.5
141112 145280 72986.5
164745 163901 76017.5
7480 31295 87331.0
46017 130033 74428.5
99963 102591 88456.5
13974 24017 73621.5
198562 203762 95094.0
