177327 172187 185065.5
73353 69647 183246.0
196465 212109 170191.5
197136 206344 145200.0
246624 234925 186120.0
158940 174459 158013.0
199807 133855 155332.5
187888 22048 159767.5
135223 25520 191102.0
252517 137443 164226.0
99560 35729 164599.0
164818 158150 176321.0
166633 211449 155460.5
33874 36702 150739.0
205163 208799 174963.5
109874 35071 166798.0
200826 183908 170288.0
122274 44243 180358.5
187288 20297 185740.5
127731 101159 183613.0
29263 189738 182454.5
98940 110005 186693.0
170529 156041 173173.5
77119 77262 171940.5
172737 160908 182868.5
73236 61697 153495.0
188248 140913 168503.5
138338 24328 173996.5
210911 203537 148188.0
167875 208568 160126.5
141178 149058 174809.5
27289 55630 157088.0
118231 68972 176840.5
35825 94538 183028.0
136961 254631 152192.0
180211 211706 166199.0
124679 116463 173047.0
38482 55536 177171.0
210301 199855 152423.5
28763 29237 173013.5
25198 250797 189950.0
136078 139416 149348.0
218304 54694 153305.0
56839 123871 170347.0
195911 24814 185142.0
245321 240744 146986.5
49027 51274 177918.5
159302 163304 162178.0
41886 130351 175037.5
133121 139686 160700.0
71292 224086 184020.0
34240 250146 189891.0
199740 136049 147344.5
252100 240973 164283.5
7036 32623 145631.0
15382 112194 169640.0
251697 25126 191479.5
25130 137682 149276.0
256502 3020 192336.5
156641 183666 173491.0
24613 28139 149335.5
111208 27469 167920.5
206950 178663 192315.5
129179 117814 189496.5
253344 247559 173325.5
181785 154326 168312.0
161334 215007 175810.0
202851 206418 168166.5
129606 125111 155576.5
186349 206331 188805.5
187750 197241 182704.0
40598 190678 189844.5
140011 200135 182425.5
246749 240367 147768.0
88902 82407 189004.5
12851 233601 152850.0
64296 68365 166961.0
184301 169068 155862.0
209748 202123 166822.5
91612 57307 180504.0
110247 20104 164790.5
65422 74070 147190.5
10143 228667 183378.0
55080 24714 164292.0
219536 55289 188303.0
52029 196597 182662.0
239448 262110 161937.5
134205 133301 154430.5
66326 62838 149591.5
167560 169291 147294.0
17094 10145 190660.5
24389 17227 180701.0
93488 35701 177274.5
10771 231272 179670.5
233895 7549 173540.5
24217 12859 149495.0
170365 168918 152567.5
40256 28093 178111.5
102388 93407 146659.0
56991 62206 163206.5
196092 164441 188909.5
209111 183546 159484.0
187045 208843 190219.0
220650 54209 184106.0
163076 205956 151309.5
216640 127979 185337.5
151456 165761 174730.5
93602 96460 188195.0
140503 217787 152426.0
24202 111631 192093.0
138703 254765 145659.5
152133 183336 166300.0
103448 7499 180867.5
36888 19675 186238.0
174508 182257 150058.0
179356 163953 156486.0
152273 168804 156358.5
186851 204684 172395.0
106677 93643 165173.0
223384 140136 191661.0
142660 206534 190731.0
49475 127503 170542.0
122299 127601 172250.5
166130 202855 184092.0
132109 147137 192810.5
224965 129785 184802.5
134076 245181 180871.5
12118 188093 158870.0
189950 135543 167756.0
242584 263804 193298.5
141111 210292 191655.5
135231 195305 150215.0
240347 258641 170893.0
36253 123058 188583.0
140458 197469 150232.5
90718 90202 147379.0
156685 166699 168139.5
63966 59780 162250.5
94182 32656 183262.0
68320 64847 183706.5
203044 172167 182690.0
24040 12718 150404.0
15194 13895 181414.0
50842 35397 180928.5
183738 159707 185382.5
196597 200789 150381.0
84042 81641 155620.0
125599 48302 154523.0
214068 169303 169394.0
89081 74932 172245.5
184354 156273 175570.0
14808 12752 174251.0
41048 190259 191622.0
211173 152656 176591.0
134464 201184 183865.5
24695 141478 177237.5
49954 93198 160971.5
225490 234993 151801.0
49936 97668 163830.5
31460 19596 169397.5
183447 211583 154207.5
229354 240995 183258.5
19388 111848 146067.5
14273 11915 154616.5
204308 213172 169653.0
250016 260235 191929.5
42932 125720 186868.0
181284 201150 190074.0
219898 63035 165596.0
130444 46205 156486.0
218523 218055 145172.0
105110 56574 187829.0
92438 98200 172919.0
131841 70431 151086.5
151754 211409 185134.5
38068 26626 184587.0
63743 65878 161969.0
150552 217898 164732.5
28952 12397 179794.5
259344 255061 163636.5
50600 17767 184759.5
244913 255780 175103.5
251940 259892 174410.0
131301 54816 181383.5
132060 54753 189806.5
260759 257703 157175.5
243007 4547 175945.0
162472 209508 169456.5
167568 212062 149737.0
8616 13127 164743.0
120603 116521 174279.0
197110 150838 177328.5
126479 53326 182134.5
209998 170802 169707.5
171701 166896 168296.0
194671 142919 190424.5
151848 203826 166651.0
107807 22629 179247.5
134024 255750 157855.0
54206 187134 176463.0
214271 205376 154919.0
184098 159551 173977.5
168443 159016 167877.0
129995 222921 169706.0
49536 187096 175010.0
215150 141295 163945.5
122490 129086 171330.5
37176 27027 149002.5
27973 53347 168904.5
22222 9618 163171.5
48404 42524 176240.0
149148 142384 159699.5
250022 258399 179076.0
189228 145988 182118.0
263714 237581 179770.0
113285 28461 160358.5
122834 120351 175186.5
217343 53577 188528.5
28578 10318 185665.5
132246 78485 156333.0
196197 212131 175978.5
10044 228855 154017.5
15027 6521 156640.0
32159 106819 171843.5
116813 117228 169894.0
222884 68618 185218.5
207283 187281 186177.0
184619 155476 149957.5
163071 177290 180264.5
205377 148558 191823.5
225176 229798 145604.0
194710 204442 160969.0
223900 150156 190008.0
52668 54460 179372.0
23133 33148 182121.0
196259 52831 173629.5
221813 71637 180864.0
158381 173634 191874.0
138013 248932 149137.0
188074 138541 145291.0
126180 101199 165303.5
140236 135121 188593.0
181971 152943 171982.5
72526 218700 192901.0
200258 186515 181156.5
49753 127136 171791.0
48323 217879 193171.5
195056 187988 154114.0
198735 144176 152828.0
190867 114422 176329.5
16720 14067 157809.5
17092 39713 182812.5
109056 98576 169386.5
129803 54541 187973.0
122659 103211 152595.0
128632 131126 176794.5
233058 229022 164887.5
54083 222376 158299.0
211054 170291 182611.0
220398 217691 171303.0
240422 138449 182447.5
6939 113910 190469.0
63699 73350 158616.0
163307 171327 155308.5
15126 35361 179604.5
211954 159269 162560.5
13721 111564 186184.5
91090 80787 151092.0
171627 183212 189125.0
105154 18760 149968.0
150349 204037 171831.5
197494 151320 147106.5
94071 50103 148712.5
213682 203660 188403.5
99280 125135 179787.5
157977 175495 151670.5
72789 66640 189444.5
26253 113774 187647.0
18123 110360 159711.5
232581 229625 167343.0
176228 168535 173484.5
205810 190325 185496.0
206517 135475 192889.0
98819 50109 156087.0
175554 179508 183662.5
258806 238784 156280.5
213386 168834 178771.5
180527 152862 185699.5
12327 232527 157156.0
82766 85167 168674.0
111766 11558 183676.5
134706 250217 175460.5
241590 240204 147661.0
20193 51192 189607.0
222495 69998 184809.5
84942 90139 176520.0
31806 9485 158756.0
205532 151356 146131.5
125569 100207 191481.5
166566 175382 157850.5
20834 109599 179332.5
218456 48894 179716.5
165655 200487 192682.5
182855 154209 188092.5
71803 116941 175706.0
219032 128896 176360.5
123306 69423 190759.5
154881 208288 190226.0
108336 34530 175129.5
37921 55167 170189.0
221753 131862 181517.0
183732 212579 185160.5
126345 72793 190559.0
44314 125539 171803.5
202183 139570 172381.5
27776 54560 172653.0
25185 18187 176600.5
29162 188728 185113.0
107781 106059 187608.5
232306 240284 190489.0
102021 32474 189545.5
94128 113294 181714.5
16987 103674 158758.0
137018 141246 190284.5
215533 130418 168298.0
201467 197993 162557.5
177514 152988 152638.5
228949 30177 182888.0
54375 29355 163744.5
78287 87532 176336.0
22205 104517 171743.5
27396 20730 157807.5
245159 239931 148674.0
148044 142095 169481.5
224034 224209 172525.5
185004 154410 145822.0
117211 73233 169333.5
11506 111606 186975.0
183379 208933 156872.0
51719 27703 146573.0
196102 212418 178436.0
48643 125826 190374.5
27101 52128 154218.5
107726 37087 187585.0
198499 133149 179398.0
150841 140666 148985.5
201540 141017 186706.0
142726 199206 184176.0
144835 52549 175322.5
171457 209142 181486.0
16287 26718 187532.0
207637 199078 153034.5
50703 20445 158175.5
198077 190197 157631.0
103888 93291 192578.0
39712 42791 188000.0
107868 50007 177201.0
42044 107492 186655.0
92429 96597 154760.5
221632 131244 178885.0
108000 93085 172250.0
187761 249698 175027.5
217209 145229 187223.0
177612 183959 155954.5
220874 130286 189329.5
21472 17732 151720.5
53538 51969 176030.5
88041 75663 175175.5
49731 140735 174807.0
68059 119768 151245.5
160122 153415 158714.0
34252 39294 167750.0
136463 134163 147004.0
162958 202165 175173.5
222124 224599 146675.0
206135 153881 193371.5
7574 230377 166039.5
16786 31754 172402.5
132023 222435 164595.5
252662 135998 182011.0
16203 232791 152078.5
259860 252645 159766.0
53283 25476 175066.5
251210 246658 149286.0
221898 222612 162635.0
178993 203199 184835.0
146567 197654 184356.0
29103 105382 145784.5
20609 8432 171052.0
122072 41774 160634.5
38989 125721 192772.0
70485 54313 190806.5
22110 19906 180942.5
224791 131929 167751.0
186819 54119 183752.5
87455 82871 184383.0
11955 110920 190910.5
93968 29571 176880.5
7836 112223 181367.5
54681 219975 188554.5
53396 186871 160593.0
220405 215667 180847.5
67080 127217 173197.0
47598 104810 166853.0
52732 217259 175398.5
46907 56035 173463.5
20029 26909 149556.5
206074 139161 150038.0
90958 84370 169119.5
30517 107835 147279.5
162881 151585 184512.0
127513 41584 166160.5
184600 155106 165645.5
96235 93294 179493.0
108642 37484 189738.0
163435 156659 170857.5
53766 39624 171192.5
142975 187064 159823.5
62828 65153 154718.5
151983 146091 151259.5
27272 55240 169413.5
31909 112140 155640.5
188737 140489 157529.5
218866 127598 166827.0
26575 15993 189836.0
161561 205101 156627.0
220111 70953 158421.5
244303 259388 174154.0
152174 165942 149324.5
60053 117164 172810.5
21234 55534 184978.5
247584 1675 184631.0
143194 198967 187946.0
141543 51929 169040.5
117072 67264 182455.0
210312 154943 175363.0
41406 131845 167317.5
165447 160800 179650.5
251914 260525 185482.0
132193 223746 191173.5
46115 38204 145892.5
213136 206241 185397.0
114811 6531 183659.5
166387 177463 181534.0
116284 104293 183161.5
209421 155253 149903.5
214536 186763 166556.5
119560 70709 154650.5
41775 130125 165559.0
80143 74490 184572.0
129972 39918 174517.5
5083 244819 187290.0
197979 199947 147099.5
83449 91236 189295.0
174022 213760 148766.5
145469 200408 164606.0
29410 35728 153586.5
51251 17616 175289.0
70202 131774 157031.5
197831 51260 162743.5
194978 210691 171086.5
45925 99734 179523.0
43431 123172 167681.5
37582 109587 175265.0
164356 202667 175300.0
221775 54053 177829.0
15004 11667 164495.0
53939 53120 152358.0
108494 112633 156035.0
98059 97510 149230.5
32159 21180 191112.0
41069 28934 187467.5
233970 29577 181494.5
201016 173616 177556.5
38521 103089 184361.0
23276 19090 148591.0
134132 189141 168933.0
4599 1801 154948.0
216489 142936 153304.5
214102 157843 184926.5
145799 200720 178288.0
160960 175022 181204.0
249635 245331 171634.5
177704 175842 169211.0
129331 38866 186608.5
184754 213575 192910.0
10297 228614 181095.0
28155 36099 180798.5
71608 78276 162528.5
132529 130380 161620.5
127813 44935 151538.0
65904 88265 190162.5
12724 133165 188027.0
8215 22389 169210.5
140816 146097 152336.0
48643 100347 193154.0
205913 165828 167260.5
164598 145116 184769.0
109861 17700 150727.5
31447 106242 176028.5
43588 46617 170729.5
212732 171224 186811.0
122884 117986 146354.5
106138 115831 179851.0
197947 133689 192449.0
21384 41150 174851.0
205561 184593 158378.5
87349 86076 168947.0
105185 15829 180332.5
230723 16568 157291.0
11565 232355 179292.0
51935 29045 174878.0
187831 26728 185415.5
109857 106382 177974.5
22759 110191 174507.5
38092 127495 161048.5
25977 104595 149577.5
27116 14998 187448.5
231092 239823 183256.0
172090 176487 153886.5
141387 212195 188495.5
100308 35587 157217.5
70050 222297 192765.0
113142 28945 179355.5
175659 156909 158084.0
110600 40022 169180.5
189364 202699 153294.0
125603 37967 159651.5
44862 29296 168829.5
253442 241224 172862.0
166033 184713 149421.5
56730 190662 178528.5
139179 206321 152342.0
138929 208977 156098.0
209322 145646 161832.0
228699 15290 164733.0
15656 27969 186323.5
246625 253366 156875.5
107624 92706 177165.5
223309 220302 171351.0
191551 119181 161515.0
199913 197040 151007.5
177145 166759 180358.5
171257 209119 179906.0
188277 133900 162235.5
176359 171635 178279.5
157349 172452 157847.0
47570 218104 187160.0
208750 197050 161185.5
189766 142317 145891.0
168459 195979 189640.0
109836 108961 158260.5
213715 213156 193145.0
217761 149401 156724.0
81294 82504 159685.5
28874 104330 175878.0
180905 179881 168827.5
180545 181813 148430.0
11347 31581 188078.0
195395 135536 156099.0
29338 190369 175500.0
26906 113810 180244.5
27642 33441 178647.0
33047 112239 145520.5
46987 45016 152571.5
20219 103769 172209.5
18596 10600 190832.0
59452 129861 190293.0
152656 177304 152931.5
167722 208905 173280.0
116420 62950 185554.5
222233 48315 166865.0
34725 104904 185944.5
52602 53875 168022.0
34399 52530 176929.5
217972 143112 156892.5
17213 8179 180654.0
19880 31486 173222.0
18142 16140 146328.5
44206 126527 188843.0
91217 74423 151260.0
127006 41045 185179.0
166217 177295 168028.5
50188 99547 182979.5
206266 204936 160120.5
262823 243557 182569.5
180172 173069 180359.5
181327 182385 154434.0
122271 129164 182312.5
223424 221430 161648.0
143731 202414 176380.5
92104 92598 158319.5
218644 50900 191360.5
168678 163915 150053.0
187565 150055 188586.5
194663 24477 159161.0
126160 67681 150929.5
40057 28556 164721.0
173179 152418 185327.5
53290 130245 164826.0
54771 142562 167573.0
259161 253768 170162.0
163249 185901 172557.0
72313 87320 186039.5
32156 233800 182835.0
204651 201533 171563.0
127407 120189 159731.0
73284 61818 145338.5
235418 9891 174578.5
168544 174436 150256.5
94924 115807 177105.0
217867 148424 145136.0
190302 28066 188162.0
27183 19637 179407.0
179335 175633 191706.5
56102 38812 176759.5
209100 212460 150611.5
183303 194523 184456.0
188107 252436 191569.0
17241 39517 169830.0
138408 251968 150344.0
138986 13728 192338.5
27068 19493 160732.5
214809 209979 175929.5
196332 200672 160769.0
71110 66500 192204.0
253560 258513 182310.0
243544 246865 171044.0
31713 7144 150749.0
23432 17479 166830.0
77704 123992 172161.5
52619 41046 186593.5
108022 105363 174962.5
47974 105136 177021.5
162860 159189 170058.0
209971 138927 178697.0
94506 98626 169169.0
129033 116584 192783.5
132254 54383 158065.5
25051 21848 169778.0
110141 16447 193369.5
100991 94599 152282.0
132110 120465 152686.0
195850 187171 188473.5
63160 69639 176576.5
33391 232127 172149.0
169040 153650 153357.0
27131 112206 157486.0
30951 33435 150858.5
7662 232495 151201.0
73136 91135 190045.0
216577 151188 150221.5
134769 186609 174412.0
33440 113805 150108.0
7699 25817 145650.0
186742 149666 177716.0
115776 102225 187517.0
108324 26634 188588.5
205367 188163 180655.5
255725 134325 191860.5
128364 92108 181385.5
76481 71517 171441.5
106266 115324 172817.5
164795 172727 164401.0
64777 129507 185397.0
103976 14723 165080.5
206928 140178 184869.5
143852 190819 177350.0
210353 196350 177482.5
77912 66364 148607.0
222244 148403 184544.0
188160 52034 163391.0
68301 124617 155797.0
254215 258603 148554.0
16991 11810 167772.5
233461 226484 192394.0
184393 202532 179796.5
218399 45851 191510.5
128876 220275 189119.0
174574 165382 174529.5
151242 141360 150329.0
150906 195603 185372.0
178755 202967 189154.5
154474 156229 158752.0
222501 72782 176358.5
208479 208867 170871.0
204950 209713 179062.0
46452 121876 169306.0
182493 199497 190517.5
50050 44880 190605.0
160375 167954 177584.5
127734 119553 187840.0
127445 120538 161499.0
142154 215918 185244.5
181076 182170 158181.0
17144 23755 180677.0
162093 206887 165404.0
6416 260006 188897.0
145339 212231 165544.5
106181 114421 187353.0
57659 117495 193198.5
169854 214126 161640.5
47284 78771 191782.5
37689 55650 181908.0
204251 148395 177928.0
22671 134555 183467.5
197631 138945 162910.5
113692 23438 190692.0
171699 211080 167684.0
175287 172928 172815.5
157156 175426 148482.5
110261 19804 179880.0
179488 196312 181350.0
133472 13815 181221.5
50679 190113 162439.0
206081 180078 190823.0
55036 37392 183512.5
72973 77237 175810.0
49217 51883 180281.0
67605 64233 169077.5
94077 100295 171820.5
81119 81526 158252.0
67841 116740 175972.0
172320 175251 168149.0
116049 94117 149129.0
138599 250482 181870.5
156288 163204 161851.5
219640 70400 162527.0
208896 165245 153688.5
105421 50879 168905.5
35744 26463 166685.0
26186 51072 147388.5
13546 136224 171148.5
101660 47230 173672.5
20758 39767 154483.0
55688 46264 186454.5
32926 20726 172126.0
38920 27081 157917.0
26612 53553 170337.5
131383 44754 161548.5
138895 256042 163324.5
165054 146069 187173.5
139200 23781 174679.0
26430 24148 170682.5
103560 110953 156206.5
60796 118037 166883.5
157244 170385 191315.5
134823 199456 171592.5
195391 148894 188823.0
52310 39737 169733.0
197456 24246 181913.0
201566 163706 145119.5
27225 55779 164114.0
45809 53868 186905.0
63780 116865 193348.0
188033 136950 151978.0
150655 56750 178613.5
190604 195417 173291.0
201369 136886 176356.0
40076 47588 156348.5
142953 224822 171847.0
205533 161772 170003.0
14893 109868 156863.5
228668 232825 167648.5
208398 146169 161689.5
133561 241800 160992.0
185136 200444 181193.0
254740 248862 168963.0
153144 181782 191030.5
123230 97179 173520.5
260601 259773 184813.0
40670 27536 168757.5
166583 170962 147439.0
172193 209041 175281.5
127516 72813 184063.5
52011 40461 183872.0
77960 79523 182530.5
62702 116583 150312.0
1808 264087 161405.5
209514 197235 146302.0
188720 204128 173087.0
105045 29859 191449.0
36563 26848 175825.5
161200 175786 166111.0
101618 130554 171396.0
138535 205523 159748.0
167337 182749 160795.5
111323 39707 173293.0
75095 75365 146309.0
209671 142183 184503.5
48814 125265 169695.5
258596 249447 183474.5
36800 49102 169055.0
5578 247136 164761.0
74268 65449 168869.5
155002 213411 188591.5
220331 120790 179770.0
195199 212584 177787.0
113040 109481 156723.5
130315 219534 164737.0
142424 149912 146423.0
135245 14241 193323.0
247227 240435 179063.5
162993 213656 171096.0
53046 28122 156347.0
41311 18834 157334.5
232742 8334 166613.5
127950 37496 158272.5
109329 39372 185011.0
77001 117911 170785.5
208465 200107 151238.5
187924 195098 169227.5
188525 133364 175743.0
253654 200618 178028.0
39831 17063 177672.5
207647 150363 176903.5
174375 173396 167222.0
69996 71330 162053.5
206950 213102 171860.0
155261 169320 162012.5
14620 8141 160550.0
252227 133077 152370.5
251053 134840 157922.0
63360 116544 175107.5
111168 105393 145383.5
21846 10794 156444.0
161921 184259 181200.0
122728 100392 179115.5
112461 41362 177937.0
74534 90618 169877.5
65235 75995 172781.5
16015 112141 163875.5
67166 78745 187894.5
162998 152104 150175.5
213175 170965 182015.5
214323 163923 152855.0
183552 205287 180474.0
74554 78018 174482.5
140222 151413 146621.0
113507 51987 183883.5
9061 11101 162945.5
256626 252212 174760.0
132447 100319 187411.0
201345 140676 187519.0
202152 148812 187214.5
241844 137200 170923.5
127438 50224 147464.5
166299 173958 146663.0
19157 32788 165378.0
149751 140421 155224.5
206330 170513 180892.0
202485 144834 145380.5
167630 211183 159679.5
199937 163523 174771.0
162782 159288 160994.5
126352 223260 192420.5
158761 167268 150497.0
218085 72701 167875.0
238553 255194 163872.5
72168 221639 159050.5
39086 54933 185073.5
36394 130532 176857.0
36059 28150 185741.0
248186 138200 188506.0
206778 161764 154562.0
130893 69464 176517.5
22580 8925 178494.5
48828 123160 189468.0
110169 40042 171457.0
136122 28643 161179.5
28562 29159 158578.0
13271 187595 191672.5
51554 29310 165532.5
198386 210699 168418.0
34495 21405 187203.0
249919 190796 162056.5
55416 195268 178300.0
109226 30469 161879.5
254129 253366 150471.5
249219 189030 170563.0
4142 251553 187367.0
140542 151523 153338.5
175865 170750 192141.0
230199 7504 186481.0
207877 200571 173624.0
12272 16617 160976.0
195734 24203 191324.0
30068 225054 190088.5
184086 213240 183421.0
208482 185853 182175.0
127857 37421 156071.5
156624 169846 183097.5
44100 126968 177616.5
181546 196533 193104.0
56545 144199 164905.5
241809 137435 171869.5
8772 229328 172214.0
16703 230129 179300.0
145104 188735 156055.5
160710 177509 155052.0
143908 198179 178348.5
55189 217736 188590.5
187085 207592 187116.5
35040 234288 178951.5
43990 112279 168168.5
201271 207871 165521.0
208240 195436 155081.5
20677 136105 185686.0
38031 101154 192023.5
56494 27255 165287.0
211296 141889 193108.5
210043 203117 154163.0
69754 221858 177144.5
167555 170187 185112.0
182329 183785 150247.0
239099 245607 186322.5
126925 37010 168082.5
43227 99294 151664.0
44048 94117 172703.0
199612 184021 187634.0
187698 189822 164633.0
4378 255194 187871.0
49050 44127 172210.0
28604 10672 167001.0
206632 179251 165267.5
207334 212795 171386.0
73239 75901 164777.0
55989 142442 186585.0
131901 121031 177397.0
67709 130797 168364.0
63263 120128 162234.5
221310 71448 177038.5
138097 188847 161658.0
29391 44548 172929.5
117054 65619 180052.5
167548 174458 146582.5
23891 33803 185267.5
51435 39198 177497.5
196559 208504 146279.0
12595 28882 176185.0
39636 50739 153995.0
105269 110024 151207.0
53521 24094 189829.0
129825 63035 167256.0
225678 230862 154734.0
24506 40176 183374.5
182511 175925 161342.0
203472 142129 160277.0
248331 134552 181707.0
181954 184413 165923.0
19735 112741 176606.5
38465 42290 165570.5
222569 143297 145503.5
118939 114527 175275.0
200653 138816 147347.0
201024 135909 173051.0
212423 151472 157598.0
159530 166800 153009.5
212298 145786 163985.5
165219 156361 170276.0
5070 2567 145150.0
73653 220280 181135.5
211301 198329 178265.0
168833 211051 159791.0
55555 136255 189543.5
123010 42828 158014.0
200780 249926 191838.0
5540 241239 193407.0
105304 48353 174768.0
206812 169742 164435.0
137660 141338 189349.0
59539 71381 152566.0
157614 163258 169258.0
187670 13398 187841.0
225844 227277 185126.5
162966 183268 151687.5
27922 186536 187822.5
88712 83628 189808.0
109276 18637 166534.5
105680 31174 167101.5
186287 224222 187123.5
174329 157510 163036.0
33160 12040 188719.5
189718 28005 185526.5
10644 20225 149094.5
30902 110226 181486.0
256357 243584 176441.5
147929 54277 190689.0
199310 132857 186384.5
113505 48828 191235.0
39792 110081 154230.0
120860 218274 191740.5
98885 96168 167096.5
97363 115806 171862.5
120995 220986 187868.5
104838 42854 185997.0
59165 63852 163804.5
19542 113106 146404.0
108603 36295 155490.5
17433 32981 146602.5
