28713 126446 354610.5
109688 56124 361993.0
210386 29426 378753.5
262063 2342 325374.0
136288 174906 363063.5
238884 245570 324642.0
13807 200803 316816.0
8847 244005 369222.0
144459 110784 378019.0
24235 256772 355427.0
218188 78567 350179.0
199855 14174 294721.5
189142 165156 341322.5
223184 141560 291125.0
27025 209433 368852.5
68521 75971 292972.5
147180 49425 322243.5
12601 39468 331185.5
179592 200136 296446.0
20304 19903 298814.5
223809 121547 296620.0
166892 151459 314431.5
123138 53984 310210.5
56641 42828 318978.5
259867 9486 379063.0
11398 40008 316009.5
220715 81299 383139.5
40103 106035 366332.5
84916 63968 366056.5
19247 198968 341807.0
207663 152965 306279.0
136705 152127 372502.5
160063 163363 293276.5
180581 252804 367751.5
25846 125244 337779.5
87231 68736 293440.0
38207 136905 374371.0
73841 68973 306208.5
218711 135537 362262.5
137890 2302 382173.5
114465 94114 323054.5
149199 28830 355203.5
128000 24071 353422.5
131748 81051 372312.0
81428 68733 366395.0
206976 21260 367803.0
129892 23705 377588.0
24377 38859 316664.0
107399 97957 325104.5
21940 36772 298326.0
33281 49598 383964.0
68213 73983 313854.0
178897 195394 301119.0
246673 198160 341743.5
126684 76157 369980.5
77030 86499 382009.5
178878 177461 316967.5
207471 104559 384861.5
104258 199704 378856.0
46105 149219 353255.0
161116 211961 297257.0
48819 222629 315186.5
230500 250871 362127.0
93777 38915 312477.5
49482 17121 337131.0
125465 94943 366721.5
22088 207447 375912.5
213920 160619 299502.0
161550 195717 300736.5
18152 108865 315912.0
35576 71588 385616.0
219619 186375 327889.0
133468 7350 353670.5
37401 106570 339800.0
22276 130055 368904.0
235571 134964 371195.5
149780 207075 293910.5
68134 90687 367971.5
154671 195727 342585.0
208368 179969 332550.5
133476 239920 315706.5
51131 15486 318184.0
7044 102421 309493.0
102218 36497 334179.0
53918 94536 352561.5
67295 42385 374389.0
156725 208122 318867.5
229107 103686 370869.5
86336 73610 330759.0
112848 43014 297723.0
183306 187453 351463.0
220535 122436 352678.5
126719 197288 370166.0
150254 218887 295341.0
143844 153296 366680.5
58415 45311 311014.5
211823 216017 380778.0
113419 46158 304539.5
125809 148351 367276.5
121530 29141 336020.0
201258 13522 346818.0
133556 261180 306270.5
246810 141043 367158.0
104657 143931 369848.0
101841 33660 365975.5
154664 207687 303352.5
50643 240705 354235.0
210858 249304 365121.0
170709 175987 294205.5
244474 13944 373865.0
185119 252061 358045.0
190573 166859 341465.5
190055 250389 354974.5
59807 102170 319131.5
14831 106080 297743.5
217418 74861 334708.5
247292 187483 377691.5
260120 231206 367431.5
52815 93187 369875.0
187572 41788 372154.5
146755 23554 357009.5
113112 204499 384972.5
233769 112883 364230.5
36307 23210 303228.5
173562 212274 326273.5
208906 188179 295125.5
23719 38470 314165.5
41717 51822 349106.5
23133 217319 385316.5
50504 23278 375302.5
138513 244105 386518.0
178599 172443 358892.5
102330 37182 325653.5
221572 39699 372727.5
165976 148275 337547.0
146023 224409 343165.5
202272 159682 339310.5
202137 132162 368378.5
39698 222741 320297.0
217928 53047 327084.5
222503 49596 295249.0
148592 215458 320038.5
22738 190383 315389.5
144967 187895 309305.5
150007 126713 386486.5
20423 69973 386523.0
78304 116557 371261.5
29230 97941 353415.0
53143 223926 327590.0
111756 123261 367395.5
68225 37533 342566.5
53888 20858 307845.0
140472 127143 357254.5
139635 216950 360917.5
206860 215191 349186.5
144361 156282 373702.0
127954 49940 333507.5
190817 171317 369132.0
9446 135244 333312.5
51942 21711 292550.0
70529 119547 302548.0
150589 264340 369135.5
13307 252782 354396.5
256763 201134 349112.0
194568 174452 357632.0
227170 113449 309323.0
182442 251822 381512.5
17693 249089 330274.5
134605 184827 339922.0
120790 35619 339390.0
30019 17935 299170.5
137974 146080 311173.0
253373 176389 364668.5
115475 190859 297929.0
174213 144330 332309.5
235298 24960 368369.0
140814 222059 321816.5
249464 7970 378808.5
23066 107620 290176.0
166246 253640 343144.0
108262 131230 378124.0
157736 213453 295077.5
151282 205918 299748.0
258654 189178 356443.0
111657 199004 373256.0
195031 104738 327363.0
233140 32876 337208.5
15175 133940 350581.5
112691 101587 337367.0
143770 182818 343569.0
24288 210787 351746.0
254466 33868 380353.5
65927 220725 320596.5
47071 63650 369649.5
111345 99777 352587.0
50200 133078 361367.0
104418 204227 375384.0
262693 5911 292536.0
43808 141109 366311.5
39208 218281 326146.5
249861 229351 365515.5
195918 39517 337428.5
69826 104237 378419.5
149012 167880 349932.5
15155 98182 364494.5
39600 151224 352135.5
243148 236544 319260.5
201957 173289 309620.5
217197 38111 330900.0
45280 68326 301132.5
198524 162515 324180.0
170756 142335 332566.0
105812 94848 294505.5
25535 254731 373456.0
33887 49572 323273.5
105102 101366 344968.5
37448 215597 358660.0
14741 198985 370174.0
207256 138882 295881.5
138321 104969 348381.0
182586 252353 353821.0
214878 15561 383710.5
231606 16890 313593.0
52342 69806 363808.5
264344 232158 333750.0
263903 208413 356751.5
196717 54238 310774.0
187631 145177 290905.5
99670 104923 348242.0
52337 248933 306631.5
136668 29328 318873.0
32208 46776 374927.0
33127 250740 384276.0
232050 113901 372148.5
138588 157845 385223.0
200587 256573 332027.5
93963 26719 308772.5
218557 212364 385654.5
95433 41433 331133.5
228607 242539 345996.5
188455 120701 382463.5
25448 246125 372796.0
68573 38341 326550.0
44449 68490 320710.5
211530 222783 384139.5
214906 180000 361311.5
257526 4583 301806.0
52508 253108 374917.5
127986 76527 311216.5
60273 41613 357709.0
217696 74314 315538.0
246848 236814 370014.5
40519 103108 350313.0
196400 20275 344151.0
144652 43562 383535.0
39809 208314 383328.0
251263 228739 376005.5
133432 203859 311888.0
260014 229805 341750.0
109990 131815 355199.0
139934 213928 315477.0
142013 70149 377066.5
203938 130553 378640.5
133851 259877 315392.0
36496 58760 378220.0
31959 115980 318158.0
92771 33570 297942.5
248413 214930 374495.0
205969 149064 298698.0
124676 79604 383406.0
92057 99561 337651.5
132068 104194 320825.5
236106 245242 367428.0
247503 238323 334670.0
14344 213857 382512.5
70571 74008 317960.0
41041 136104 336548.5
163151 144426 302161.0
48331 196664 341404.0
217947 125853 321750.0
187394 44267 338323.5
67376 29377 363504.5
36378 233968 370250.5
104554 97799 337422.0
166744 251360 346270.5
122208 103468 373552.5
153566 205413 295374.5
34361 47551 343674.5
251104 206699 324842.5
38215 121900 304557.5
54703 144832 307146.5
53941 207062 318943.0
205465 251254 295781.5
224631 46123 312770.5
223859 101204 362315.5
216750 195811 321567.0
147714 203344 294751.0
189761 169704 349948.0
245637 209473 380025.5
226996 13311 324227.0
162219 181069 302267.5
88511 127609 347597.0
220357 63962 307545.0
134320 180128 355990.0
174413 190476 386438.0
122470 78129 382091.5
40542 253328 383938.5
186765 9444 384628.5
181462 241523 385604.5
126301 186574 341617.5
148647 218343 294619.0
27275 92111 355339.0
211129 222753 377993.5
134265 38274 360452.5
141006 212727 302051.5
49272 142624 298449.5
17155 144436 376741.5
201982 55654 342109.0
115754 34938 352463.5
147401 207592 290271.0
154378 149079 372902.0
55235 105714 310099.5
222094 205732 343637.5
153007 149964 372300.5
221515 125464 340884.0
145160 174241 348430.0
178184 202501 363227.0
61782 130694 350131.5
150790 54526 295094.0
31395 37332 349473.0
217979 90836 349982.0
124361 223100 318594.0
184421 246361 367119.0
230825 236878 365682.5
247130 310 332550.0
50861 35388 306637.0
43694 130136 312776.5
112523 127136 324080.5
172502 137951 330865.5
54850 118056 375419.5
45946 66783 298040.0
105365 140629 320123.0
104512 187160 324081.0
241949 263133 381169.5
208093 38975 376042.0
136631 223053 371035.5
129397 143077 331338.5
214754 45499 373781.5
250959 182586 359050.5
21220 230169 315462.0
31815 12091 317448.5
135524 247166 301589.0
123106 147005 365819.5
125179 77745 312418.0
50471 222279 350546.0
104574 94072 297877.0
13287 6916 303251.0
116544 121542 291870.5
35588 137700 382905.5
158609 200730 329780.5
247082 200293 321949.5
112769 115091 359642.5
101719 45091 295923.0
132423 223316 310748.0
32936 40308 367981.0
84498 78225 338284.0
218033 88263 316107.0
128463 109078 353721.0
11571 151538 374445.0
129241 146417 378216.5
143544 45669 367860.5
129958 113609 293384.0
148916 221245 301629.5
200928 17221 378729.5
83080 220503 386804.0
216109 65985 376967.0
16704 141058 371863.5
28011 38673 295758.0
244801 18129 385085.0
9840 41032 329731.0
20302 107133 310201.0
110209 187394 336801.5
163021 134290 334543.0
23772 140980 292883.0
137560 156334 381457.5
171802 188735 386298.0
138809 147073 368437.0
182779 141895 357195.0
205134 55245 356110.5
195876 161594 290981.5
218359 76942 353736.5
240253 29583 356291.5
51454 17686 319907.5
203950 159728 315006.5
121810 37050 315336.5
53514 11659 319428.0
224129 60282 323456.0
44340 118278 307327.5
173162 211396 345801.0
54324 151470 323945.5
20365 98446 346074.5
50671 137109 325622.5
134043 34231 323941.5
128749 63773 314391.0
179086 186660 332578.5
22240 250554 322130.5
40737 34103 344533.0
194741 15264 363139.0
85583 128939 386413.5
37715 188072 352607.0
143969 131080 338785.5
14693 46130 347217.0
214842 22719 336486.5
11192 22105 303796.0
55798 41986 338781.0
239482 254461 360058.0
210300 134017 299791.5
118225 131955 293319.0
29961 10441 311790.5
201197 247611 347345.0
103168 97234 292771.0
183985 196866 308397.0
3829 262905 300045.0
249186 17623 333566.5
108490 95057 325770.5
186676 170569 351687.0
10582 30154 313277.0
120631 64335 301727.0
197557 36520 349223.5
52496 101661 367705.0
138517 157848 370296.5
212179 141753 290193.0
218589 205570 377003.5
181467 14183 358036.0
50644 214350 308647.0
185822 210172 312129.0
18747 145743 384640.0
214925 157097 315600.0
140292 166577 347443.5
197319 17892 329296.5
134077 153013 369666.0
152558 142368 333406.5
31665 134443 326219.0
129061 56141 321043.5
9006 246227 341175.0
16560 109438 312827.5
127452 57772 324697.0
15119 227898 297749.5
214147 136704 314860.5
180666 145077 346153.0
216229 11639 384920.0
127773 29185 313182.5
230082 13842 319896.0
186495 121128 359875.5
131938 51280 313423.5
221511 73336 306282.5
171306 144807 324686.5
22134 190440 334044.0
240637 8894 377659.0
254450 816 342644.0
35127 34291 345919.0
133211 143852 348125.0
37464 122053 315040.0
93789 17746 291024.5
222456 126719 315639.5
10107 261182 366332.0
35239 102272 386348.5
246552 7691 385072.0
211930 147497 331349.0
112725 126919 315811.5
28572 144980 328009.0
103074 104384 322452.0
38498 189711 293713.5
199489 18863 346477.5
242326 236855 360213.5
124541 26884 380546.0
100349 131776 330737.0
48673 24024 326552.0
197432 217138 321202.5
99430 106988 320088.0
64039 102154 382280.0
39145 233592 367946.0
189280 242507 301499.0
54055 122870 332267.5
140926 212090 292269.0
253243 201066 290978.5
57050 117744 382716.0
68215 100827 302483.0
25746 44152 302161.0
150640 22969 335091.0
106460 25289 350951.5
168972 148169 353108.5
53894 63348 380172.0
173623 170824 309936.0
135469 198626 382093.5
22107 141696 359315.0
261217 259204 354115.0
215067 155771 298282.5
64046 38558 360154.5
109199 77469 376284.0
239375 235043 356886.0
57547 63027 324535.0
188680 36931 316551.5
254596 208873 319378.5
40213 141117 307986.5
233542 255290 377533.5
149609 136135 345874.0
137459 214012 296154.5
108610 230589 362500.0
31981 28103 344899.5
52388 103790 302849.5
103935 219880 386531.0
218451 149716 300560.5
11656 141783 345921.5
141729 216433 293967.5
160623 211655 306489.5
128761 215601 297676.0
219342 204477 354839.0
148266 131645 326029.5
35584 218341 346361.5
94558 9096 381253.0
249123 211192 364706.5
152302 137405 341977.0
52242 169988 375514.0
43553 25786 306713.0
175086 204891 345453.5
13307 145140 384211.0
16276 201160 384067.5
252596 201171 307745.5
213880 24190 340032.5
189828 153795 380493.5
215606 186477 305357.0
110274 56087 335191.5
19779 53110 307899.0
229753 32511 336016.0
138883 110018 370129.0
32237 13642 302554.5
151926 157707 382241.0
149616 137881 353377.0
149882 26443 351907.5
190374 174178 372499.5
53644 64129 365410.0
20759 141411 329806.0
142517 38474 327317.0
187502 180548 356106.0
44553 31401 353965.0
50943 201723 350284.0
66960 189721 386081.0
182384 166082 302003.0
36217 19523 300362.5
215306 74457 332258.0
7681 22780 299540.0
153490 145398 337491.0
147156 205384 324910.0
44918 97567 315828.5
196041 183413 305068.5
137915 175345 351954.5
190178 101537 365451.0
61213 130486 373555.5
135522 148746 317778.5
161720 52268 353200.5
149664 129893 342288.0
137605 109743 364151.5
199246 143395 314393.0
252161 144759 348038.0
207530 28496 356631.0
237940 263881 365636.5
130717 117122 375766.0
121773 38421 329891.0
162760 187319 327892.5
17328 26424 351925.5
76937 89023 358369.5
201653 144511 301296.0
2397 253094 312584.5
214116 248242 362415.5
137675 148132 369755.5
103576 145567 349156.5
25863 141931 330810.5
206460 252729 328437.5
197699 157901 376051.5
142863 103869 370884.0
147450 24369 333105.0
112657 193303 381955.0
176563 169640 323989.5
135398 247401 338138.0
110353 140444 372176.0
228052 26638 362771.0
17111 51070 296384.5
41070 72788 377566.0
23452 142013 330046.0
213936 249520 349292.5
32066 135359 377998.5
222293 65251 369624.0
103673 130812 301130.5
222224 194815 330416.5
94952 25562 379504.0
25209 232479 330108.5
140305 13157 378565.5
24526 148957 342893.0
132424 95384 352592.5
60365 116670 321367.5
96936 92071 355574.5
172560 197330 327135.5
198345 181634 292269.5
29599 11411 305575.5
74582 85047 371653.0
218243 44423 347334.0
217553 136332 350095.5
103869 127664 323881.5
11069 250072 333026.0
49278 216414 300149.5
102220 39532 362465.0
28912 41762 372490.0
239574 135740 377521.5
780 254871 360959.5
209580 134090 309386.5
216733 87434 377758.0
253584 866 343599.0
11040 55270 348738.5
69536 57875 362755.0
99610 127136 291826.0
185701 135965 326095.0
19722 226637 355203.0
218091 143741 308524.5
134247 109680 348458.5
186665 127047 330085.5
221177 203808 358966.5
246222 181435 362176.5
125420 15044 369912.0
150667 27248 304785.0
186518 123647 370226.5
206173 13891 338680.5
106787 27480 367433.5
230293 93873 374501.5
202311 38026 363899.5
253658 242633 348091.0
246282 212155 364890.0
140908 181708 328658.0
162491 139736 355633.0
188856 120959 380529.0
171417 137276 366566.0
143526 170749 335546.5
112530 51330 295306.0
37183 95968 351064.0
97285 71880 377231.0
12174 178969 379380.0
130627 190337 304073.5
10553 226662 317909.5
40718 140245 305664.0
252521 20365 357376.0
28977 199281 315789.0
48196 97336 298328.5
61825 82952 384664.5
220371 80748 359785.0
112218 196084 368452.5
27558 129091 350549.0
101148 39603 335882.0
222603 70749 322164.5
216638 67558 329329.0
256213 184227 376966.5
217076 101144 379030.0
73460 217735 351544.0
51604 253346 306490.0
96465 111653 325631.0
190477 39660 304208.0
115625 33803 335512.5
16932 105573 308396.5
249775 143683 384412.0
137854 19729 323753.5
13331 141293 346062.0
118423 128063 367588.5
75980 62311 306410.5
102349 47659 367754.5
78228 62076 308935.5
19261 45219 340769.5
30713 49323 381301.0
252440 230921 385011.0
222394 189046 361989.5
46909 66823 309377.0
205532 11555 368132.5
7398 37894 347640.0
212160 55021 341141.5
156103 207577 306972.0
129765 80088 380688.0
181780 249492 358417.0
209507 254466 332581.5
205922 198799 318558.0
13892 109801 310065.5
255989 51346 373880.0
246538 7218 382734.0
127311 150984 341655.0
28227 163369 382143.0
145317 127064 371481.0
11417 252057 338839.5
234398 30443 323741.5
200351 185298 316857.0
232448 26068 319542.5
169606 135389 359385.5
121892 61536 346465.0
209899 176236 291022.5
242353 163160 371158.0
120287 71521 341276.0
163779 249250 354523.0
17561 138705 349123.5
246901 1117 340847.5
14564 51449 338021.5
146398 24122 330580.0
154076 205139 311072.0
233805 20216 358181.0
199118 21220 325727.5
261513 2536 363311.5
102642 128077 327823.0
176083 206582 319483.0
10656 187568 330880.5
194532 241417 361578.0
78487 90695 347560.0
144849 130250 363932.5
242625 254695 344912.5
197822 49478 317449.5
200415 223009 382234.5
170819 198125 331534.5
22819 230604 320812.5
108528 190214 376807.0
55504 207436 312155.5
188655 129513 361761.5
94064 45571 309518.0
202142 33934 363840.0
145306 127804 377198.0
45646 71355 336878.5
77984 224931 369376.0
92953 24409 375640.0
53467 206384 370126.0
37517 11304 335459.0
71338 86196 341364.5
232740 29190 376620.0
195723 223833 322914.5
54442 201386 359555.5
134238 19200 294690.0
163691 255675 385597.5
261273 18735 326504.0
48639 21487 330086.5
142817 14175 333960.5
128889 55400 324098.5
179704 252397 363675.5
76215 82199 310402.0
95318 49256 370514.5
146091 39117 375472.5
31998 50986 373467.0
46732 204725 375935.5
11803 225692 384587.5
262676 247652 337535.5
39712 122930 306989.0
40497 96935 361606.0
147371 161341 332487.0
65596 125311 381727.0
113875 21317 303862.0
254385 206926 332778.0
32456 115391 330697.5
12479 200317 347051.0
139627 247460 334118.5
202408 248878 325855.5
73037 97331 371912.0
33648 38073 313242.0
230507 133054 373269.5
54444 145838 314173.5
131900 111470 356426.0
130246 51933 333772.5
197110 175343 337773.0
55084 209913 350820.0
158334 210949 306080.5
233175 20219 313375.5
222370 64411 348088.0
168012 186533 347484.0
124814 73574 347497.5
155728 133426 381611.0
216049 24421 361247.5
189201 245172 331874.5
20417 127405 357078.0
63361 87237 300327.0
22010 100307 373770.0
9864 29817 317005.0
225162 110173 354149.0
217000 204996 329628.0
171056 146906 340798.0
138065 240011 327606.5
203472 248566 356090.5
197710 7304 383398.5
188953 123074 377915.5
20789 200433 354263.5
12691 190524 346648.0
143391 13024 375110.0
243434 23835 381875.0
68518 57663 365985.0
49731 33996 296973.0
84817 91392 322441.5
173925 157706 316940.5
66768 88344 341307.0
212385 189668 325404.5
138798 26618 354432.0
31527 54807 382706.0
138284 169107 344553.0
8883 53064 370977.5
250557 189688 341405.5
234017 10973 334024.0
201856 254357 328075.5
242329 238507 331767.0
146904 37437 383086.5
43929 72692 383183.0
196375 49066 318688.0
21556 40823 311725.5
29215 139532 367492.5
162649 136400 311250.5
110785 123014 333433.0
218700 73973 377516.5
146953 208758 291486.5
56633 16861 322024.5
133215 213808 309954.0
212482 222062 378059.5
218605 47891 304768.0
65278 73003 293803.0
65837 220154 337784.0
201820 147430 346327.0
250061 206410 306152.5
70790 80466 326662.5
7579 26720 299744.0
82849 75698 295355.5
160801 210802 316632.0
249925 184278 335255.0
224599 73911 339685.5
220011 44849 346389.0
247665 12397 348668.0
238686 258502 313911.5
111586 264160 373168.5
2286 248960 375147.5
245411 226907 351846.5
195843 163343 291705.5
254265 195487 357653.0
71406 216350 301851.0
210294 25768 383340.0
176872 163527 300233.0
56994 64595 305507.5
197393 224604 367283.5
54654 149551 326755.0
196726 24065 313895.0
204361 48615 349850.5
48654 124443 311000.0
70336 39402 338614.0
42857 130953 290927.0
247623 236111 376215.0
231295 264090 346968.0
124151 40110 365786.5
53684 100379 331089.5
122036 77238 370441.5
139629 15119 377890.0
190362 184087 362524.0
184992 188883 346817.0
24795 146980 330396.0
214834 113227 351149.5
65695 81015 300422.0
148677 49601 352863.5
52618 143855 305366.0
107508 100039 354422.0
84479 89197 307474.5
101287 72704 347423.5
36609 60046 352970.5
37832 20073 316318.5
117413 70051 300137.5
207632 179883 350567.0
219933 42909 366783.0
166720 198116 314817.0
13073 40406 331932.0
189014 250385 297516.5
134041 10304 353391.5
250122 144126 372153.5
103635 8164 323811.5
142381 171600 339635.0
63421 48475 362842.0
18964 130584 313967.0
19857 244967 355403.0
60542 100999 321752.0
143306 154493 344184.5
206831 136978 292854.0
72067 37531 358045.0
243972 10217 354250.5
46958 72677 334914.0
47741 22743 321150.0
141477 27123 299004.5
154168 138631 356417.0
249779 40046 364465.5
123669 96203 301878.0
246826 142217 371709.0
110873 122748 335298.0
205406 253170 296106.5
220843 44620 360510.0
42600 119826 343946.5
163302 146689 299031.5
211206 160054 302704.0
126749 102884 305555.0
194540 107618 365834.0
212389 137317 323043.5
13189 186683 315658.5
47305 60166 320689.0
74499 82713 366324.0
115306 41943 327436.0
23420 138863 291454.5
235474 244826 338707.0
92565 22266 362460.0
112569 32104 293580.0
146143 25511 359603.5
71070 90918 330119.5
204937 175512 358891.5
97531 20664 380396.5
59576 126812 305134.0
137102 179108 302877.0
67612 186403 379242.0
148737 168932 334621.0
212437 195008 292734.5
140454 210101 296053.5
150957 12310 353250.5
53921 129315 306403.0
23198 45985 347806.5
175292 212123 299219.5
195991 165807 299930.5
38198 118232 338144.5
31326 38120 374499.5
198787 150828 333718.5
218822 42628 358496.0
59550 216764 371219.0
239737 134195 351534.5
255957 196898 364180.0
232217 135772 354812.0
188286 11014 303847.0
248479 20032 318485.5
253480 197462 305475.0
44179 9610 365207.0
145051 112635 377161.5
252677 56566 373842.5
48369 116873 328154.5
195869 223023 329307.0
8385 39459 345555.0
57453 69548 363752.5
26018 45962 327376.0
91764 132077 357049.0
10437 137255 323663.5
254266 21977 357357.0
134076 206933 303596.0
54560 21230 314840.5
78766 120979 300402.0
183366 188807 344173.5
31195 241255 290297.0
261538 10953 348105.0
194927 120057 383668.0
53632 41772 343407.5
8427 112187 293124.5
105822 127233 356893.0
123532 113455 373443.0
238480 247695 316679.0
134640 29530 374473.5
195512 180413 327851.5
70008 88944 334364.0
221064 73790 324580.5
209650 138194 319625.5
6556 44051 358301.0
21151 255686 354985.5
151291 181718 379254.0
21090 219075 386482.0
46886 63516 369818.0
44990 105375 310228.0
258369 235592 377332.0
81425 61820 376746.0
70221 190344 359198.0
93500 187400 386190.5
123493 64323 333306.0
189455 109262 371027.0
55157 17379 323867.5
230258 240627 292595.0
128280 24099 355020.0
50078 21105 302732.5
124985 222055 296790.5
182795 204826 321072.0
18450 229894 356613.0
34228 49856 352703.0
140184 181622 353726.5
163537 55567 358290.0
21882 92893 338709.0
45955 215240 303459.5
134552 147501 356964.0
106809 103679 317268.5
252908 145273 369030.0
199744 247552 341465.0
101588 189761 373870.5
201894 148492 344860.0
146405 53174 328645.5
177500 205454 336470.5
87627 77526 364047.5
190273 106340 336196.0
149486 194792 344756.0
129325 97111 320600.5
123759 108819 355021.5
39755 122919 306466.5
