164162 123593 694541.5
81878 121194 595753.5
5730 250895 598132.0
110539 201552 612906.0
173921 11161 741448.5
65463 217880 585489.0
142159 101863 606266.0
232675 94886 657606.5
241676 97080 745375.5
263203 112145 685237.0
26183 158272 679049.5
225789 27695 627444.5
175480 22306 669078.0
192976 28509 678166.0
15589 155566 690936.5
64658 83702 602391.5
3809 227603 674637.5
182514 33170 687877.5
71868 196564 627104.0
182673 241260 595657.0
156927 223105 674690.5
181655 100037 730119.5
249378 49302 582381.0
6768 151139 667936.5
159906 9448 762357.0
130505 184716 649475.5
229257 123921 711471.5
152339 43203 710677.5
220208 215138 598644.0
2599 210256 657075.0
145047 60994 654361.5
185113 243939 703657.0
173152 146247 599939.5
23931 4736 616675.0
235921 55031 729373.5
253855 95021 727256.0
114346 150714 773142.0
113798 70976 644057.5
157480 108320 747835.5
30339 203339 651845.5
64359 104656 657730.0
212708 39121 631908.5
153141 10867 684593.5
213206 47454 637106.5
185487 254305 597625.5
17048 192429 593055.0
120359 141650 590636.5
216548 174877 695633.5
144237 233085 631584.5
226214 24593 618869.0
38369 63143 585550.0
243113 189808 640146.0
195846 99677 636344.5
2705 46511 762300.5
188588 227952 600318.0
240169 39757 630943.0
201724 30056 678651.0
59545 7369 696908.0
43666 250467 629206.0
54398 178288 699184.0
19863 163209 620410.0
87180 213836 745109.5
218899 155843 657201.0
39827 225599 652451.5
169256 229706 751065.5
186089 231137 738240.0
253502 238128 622716.5
108736 175929 748674.0
108952 85578 742071.5
214419 43492 621900.5
177951 241690 664952.0
166084 3485 736410.5
33144 73622 740143.0
116360 85160 663607.5
172846 138478 602308.0
54297 240348 611725.5
15728 213352 687629.0
158785 220404 714958.0
111646 2419 701510.0
155319 2372 726092.5
55811 63393 606612.0
113512 168258 656624.0
170987 69405 729939.0
7131 222280 691827.5
24212 77645 653342.0
89074 186934 683642.5
29568 120461 648653.5
160633 186631 608054.0
162508 18910 639004.0
118 109667 747175.0
76923 165997 768003.0
133458 115071 717726.5
339 148609 745069.5
235871 12480 623894.5
19582 89171 745253.0
109873 257415 642482.0
45324 138806 634172.0
60171 246183 768468.5
128401 82469 647154.0
242515 261041 606048.0
97737 241990 686379.5
42174 2077 733892.5
152722 31193 747913.5
6855 137203 587828.0
172384 29513 734265.0
139568 29879 626866.5
76099 104547 666285.0
243411 14443 590426.5
201117 44768 608943.0
70920 232008 767428.0
246130 50648 595976.5
233744 243640 601648.0
230560 169501 725171.0
226755 189865 657050.5
10557 172877 666001.5
231475 143651 661605.0
219075 13658 588241.0
152543 44870 708892.5
117157 40488 629318.0
199102 69754 632870.0
219875 153506 664920.5
2182 198842 743616.5
58680 234500 765348.5
191640 46352 724223.5
120775 197568 599323.5
225228 139044 658211.0
220120 169667 665397.5
28621 67408 614997.5
189115 234175 614537.0
168088 27682 611750.5
39126 256999 653582.0
3871 34779 650558.0
227622 210324 709945.5
47930 162199 623106.0
37553 192856 680165.5
167116 260469 640519.0
237121 147074 746318.5
225959 52773 651366.0
21228 198766 615372.5
74955 112708 694857.5
64320 188659 663745.5
111737 67348 615289.5
142941 240750 597917.5
156922 231429 766169.5
159737 246301 634276.5
193805 103477 585875.0
45474 242065 641564.0
192455 52816 736020.0
30125 258171 625134.0
159772 257175 682990.5
111579 252628 594084.5
180635 37963 661580.0
78177 138630 742230.5
170981 245507 685562.5
242106 160889 676785.5
230134 212497 714152.0
54075 169143 602397.0
148176 179894 619018.0
169815 9957 676455.0
147708 106680 677563.0
108972 178213 755353.5
107326 150884 653735.0
168990 71837 717361.5
228445 215475 687301.0
97129 119034 643504.0
92349 116072 585131.5
197797 68472 616330.5
246836 171206 648249.5
135878 193739 653548.5
148752 74797 585336.0
87065 131623 630433.0
66261 112672 696112.5
139791 98591 658045.5
5975 208159 718193.5
168077 58543 772391.5
101975 137933 672564.0
149730 232175 676385.0
100871 233254 753685.5
107637 171783 745706.5
226247 100756 625534.5
65964 51900 693516.0
240843 48778 636258.0
96681 220031 618129.0
151798 229506 748017.5
28467 68169 626162.5
2099 131617 767537.5
202589 111930 592332.5
203254 78305 736835.0
184312 14892 647667.5
155419 231491 750844.5
93809 138439 617244.0
261032 214153 754314.5
122609 134186 619404.5
257396 261001 586617.5
240401 170062 617538.0
68150 12836 659766.0
77633 149688 655132.0
258859 38827 770626.0
64166 105713 667403.0
180864 96476 762147.0
186194 2074 638158.5
204142 64654 662111.0
52082 96811 604393.0
187229 177322 613297.5
138670 72985 691059.5
165888 100823 759957.5
56253 79905 693666.0
122586 139442 705183.5
1866 207946 630808.0
23873 124887 619069.5
209979 46538 611614.5
99210 206356 695465.5
131202 161580 626735.5
133753 235824 623553.5
115459 47186 611968.0
247963 129092 721403.5
219638 206072 587372.0
181199 17358 616757.0
186301 117477 655120.0
239836 150170 681555.5
147439 30088 688406.5
206440 115766 733112.5
36348 167533 665974.0
169685 128498 696113.0
145552 66066 690327.5
3717 14945 695774.5
156210 16014 708361.0
152845 50228 705516.5
180241 129261 689526.5
207761 102888 680718.5
202706 78154 699130.0
190600 236853 627882.0
82234 60470 611743.5
25542 96549 584469.0
145424 237092 709771.5
255870 30844 654863.0
198662 21031 625592.0
29777 50525 598559.5
32057 179603 720537.0
2285 156672 742300.5
93686 223441 620097.0
101517 231097 697269.5
213594 3039 725724.5
220396 105709 768361.0
65059 107551 739219.5
125408 106054 613379.0
113045 76214 670259.5
56603 232973 637113.5
71284 9806 718998.5
126462 13062 612878.0
258335 177240 701784.0
261689 173026 728189.5
176283 142464 587370.0
104068 3750 744544.5
211825 41695 674421.0
83663 190450 753314.0
216969 232195 696403.5
207172 50129 626286.0
115543 222985 700242.0
148222 34689 638399.0
106056 224579 717735.5
228407 236671 629155.0
1541 140582 638123.0
107993 215781 630353.5
153406 150865 598347.0
254474 94041 649081.0
161520 77899 688578.5
58492 39123 608644.5
89592 39904 684998.0
227800 127834 713769.0
248311 96290 770712.5
258976 168003 754375.0
52447 974 679692.0
225248 5992 667370.0
253969 221355 697259.5
64441 109890 703450.5
14487 255985 622587.0
32716 201510 646791.5
142208 237568 664859.5
62793 195392 677363.0
244693 118840 770536.5
121335 179308 673979.0
163697 10714 652289.5
48591 157038 660502.5
6881 123995 664910.0
124688 150215 602235.5
76352 200717 740718.5
122765 118806 714831.0
22726 84883 712063.0
82294 123191 691867.5
76789 125515 634339.5
173110 186882 589522.0
1277 179015 682194.5
201327 45896 613549.0
115375 44637 597929.5
237415 98857 766377.5
207179 107613 628690.0
136963 262537 631242.0
68705 183593 734646.0
162574 88774 761196.5
160885 45813 731004.0
247326 124501 750291.0
113687 126869 590258.5
158601 252777 616121.0
75241 150184 616525.0
98728 146245 649067.0
221142 168445 654036.0
219046 83078 632888.0
169384 261200 631945.5
136407 72664 657067.0
97177 253497 715794.5
32312 5683 720822.0
49615 80555 647986.5
80384 111971 765539.0
86515 57614 585796.5
32169 220258 722304.0
59988 13333 688372.0
42817 248789 643308.0
43314 208703 632317.5
55572 73696 630864.5
261341 72638 773045.0
71152 16417 689576.5
63913 41121 625084.0
209292 224698 625596.0
157248 4986 696016.5
177796 3151 740497.5
8625 124287 659717.5
136036 177587 589126.0
203655 86952 761244.0
5086 215397 719913.5
151335 227796 693200.0
198804 97262 752800.5
149562 90599 685263.5
224237 132689 602120.5
157627 245638 661715.0
67413 230481 748334.5
599 17676 716268.5
99497 147831 657684.0
144874 81388 706008.5
42177 57557 738031.0
146342 32276 651027.5
210599 221550 589972.0
82315 52177 757602.0
198952 76878 680700.5
255157 50860 764232.5
6826 146681 673068.5
137565 122659 652398.0
110756 89438 716691.5
129563 157756 716741.0
170839 32187 731972.0
142488 239633 653898.0
70714 103282 636873.5
252131 121786 726022.5
143395 245099 634938.5
230708 206774 656974.0
92606 123823 600702.5
150689 247592 609940.0
76337 206283 729261.5
230261 178092 770808.0
83714 26491 753432.5
22477 71774 678210.0
111391 246606 613571.5
168959 37180 665068.5
97377 204803 700883.0
206704 245230 602527.5
206385 17989 588612.0
228681 128844 700220.0
135408 160984 612692.5
43679 76823 715946.5
86835 48722 660160.0
66014 21647 759332.5
93094 195946 630032.0
102025 68979 605569.5
22163 238669 611259.0
26413 231233 607053.0
26782 114149 660617.0
22880 257982 632552.0
112063 67206 610463.5
188033 79339 745446.5
142331 262979 765988.0
227888 1555 612843.5
1192 211827 694587.5
182984 18467 631179.0
16555 122506 667022.0
113788 156941 754872.0
29513 163842 710874.0
30327 251019 626263.5
236009 197664 709395.0
135137 64977 715086.5
78510 145867 714782.5
79959 52035 708512.0
129582 185502 761503.5
220128 17732 663025.5
251790 127213 658853.5
33626 155554 694406.0
71910 39788 582392.5
24076 128434 584153.5
252591 127532 750225.5
55252 29719 633262.5
98278 224887 624755.5
94444 199964 717076.0
141828 243743 628619.0
17223 243169 631645.0
148129 112136 627970.0
143792 62152 643827.0
60981 203631 688355.5
178593 196438 627534.0
27551 100733 658697.0
96237 51275 604610.0
19354 70560 610483.0
42542 75581 653115.5
222728 108702 588202.5
164759 235567 733380.5
219111 9184 683444.5
238349 199752 655565.0
183442 113418 639441.5
6325 141300 726393.0
1444 16251 686452.5
19616 152592 651186.0
148526 258245 720636.0
140506 8815 636088.5
245934 221947 662374.5
5196 12634 615118.5
254735 178610 596391.5
194619 59687 652676.0
56670 153204 624529.5
27344 238251 743641.5
130670 210235 623900.0
218938 252427 641195.5
46224 213872 629454.5
31435 140680 622911.5
260935 207285 736551.0
99622 24599 619592.5
97536 202800 675048.0
32770 76977 677106.5
242072 53433 588967.0
253106 102263 758005.0
231552 145409 677136.5
46376 207529 585040.0
14820 70574 644897.0
32482 69082 667592.5
148363 231442 700543.5
72466 158283 746989.0
54712 245458 666614.0
222814 167691 619654.5
234699 132474 713032.5
28761 153706 611606.0
169265 130279 646117.0
215752 33738 615322.5
234465 136986 593244.0
218071 99375 597161.5
183590 68728 727156.0
89304 217831 583342.5
229298 201553 663270.0
80255 148565 687589.5
62259 201052 770225.5
10910 71482 699614.0
218239 175929 713442.5
96772 119157 620855.0
1510 183024 684520.0
33412 254090 609805.0
45127 241208 695901.5
213066 242061 622894.0
216473 132978 602021.0
55186 260975 762192.0
120388 12806 657337.0
63201 232237 762016.5
1297 158581 765148.5
101097 207271 657400.5
244536 164741 642796.5
243559 95328 771031.5
185376 218110 756664.0
221951 181007 617817.5
149057 230306 689101.5
37816 239736 683870.5
70068 184628 700289.0
217392 115169 735818.0
258857 106397 741933.5
246595 120446 737725.0
154694 6211 766288.5
108273 234540 646088.0
38409 229439 619778.0
139815 77007 629334.5
212452 76727 722883.0
190884 108556 648143.5
36831 165990 651472.0
258935 147667 772766.5
104168 252545 583175.0
62961 210452 733108.5
105865 241092 641257.0
89039 136742 760427.0
68109 209532 667524.5
178649 9263 694968.5
8207 139337 588279.5
112329 3930 719597.5
244600 98584 741705.0
153479 53232 652041.0
108180 156196 768333.5
197131 108585 598945.0
211401 93205 687778.0
114335 140559 750858.5
240508 96716 760060.5
165721 14733 670910.0
242108 223227 657700.0
205565 232531 626223.5
103326 81736 764241.5
152106 217337 603678.5
257845 184591 634598.5
229891 172691 718262.5
245960 233792 678545.5
103555 59232 617473.0
246058 180240 597299.0
125054 248224 733187.0
254126 55884 583535.5
223288 139439 629733.5
28542 77003 594914.5
104994 163109 608951.5
128094 211167 619655.0
219197 208813 612346.0
186180 94245 683346.0
134017 38679 595844.5
196330 89797 702740.0
83848 66190 586710.5
41332 250490 589496.0
45715 251375 626786.0
173274 126183 734110.5
244764 152246 640847.0
25997 71052 632147.5
81476 197574 760086.5
49813 247776 700935.0
99592 176333 762284.5
227053 136684 603912.5
116491 81590 632994.5
111786 214842 582312.5
236552 12247 668272.0
221651 183887 646409.0
40370 76374 635242.0
82154 121083 602346.0
140103 32218 606911.5
17546 179685 654957.5
95894 240364 743627.5
34796 64998 764082.5
109473 124919 596783.5
31045 245523 584833.5
231252 46061 684279.0
95268 214324 709612.0
240978 166947 618227.0
3075 35346 690517.0
94495 63853 722275.0
25862 87189 716798.5
110502 60388 588147.5
166121 101084 720429.0
138305 232286 582892.0
185276 245826 644340.0
247604 51010 600074.0
160546 139457 601355.0
156135 94207 746492.5
2785 161121 761696.0
231452 142640 673257.5
177902 14939 741256.5
162937 88515 753954.0
63674 103197 669546.0
246460 126619 695677.5
59353 254438 762378.5
258271 183161 671222.5
188220 64381 697228.5
124453 21509 636816.0
130533 179657 668956.0
146920 93466 656981.5
126640 251176 643364.0
248998 103116 631559.5
176399 21329 623931.5
219338 114933 753872.5
108831 2555 749153.0
149734 57343 665992.0
201580 45171 639490.5
119770 83624 642815.5
6004 30358 757780.0
19464 172914 628749.0
348 203145 660314.0
82411 63342 603431.0
172371 222724 696908.0
232784 165340 669232.0
128650 205798 634687.0
74352 232764 744013.0
116049 219293 686945.5
245864 40677 651612.0
244406 195721 618271.0
154123 33319 715763.5
101590 244525 771213.5
225108 135475 627395.5
111525 146342 607600.0
224647 183065 700539.5
97125 201166 707688.0
250979 193424 685651.5
255630 168533 610705.5
243995 175010 758854.0
239348 189761 626031.5
145006 101371 622536.5
263782 168204 624587.5
1858 21781 640641.5
60437 55982 641661.5
9670 120627 676267.5
211929 60532 710303.0
146686 100247 630235.5
256914 44883 738070.5
174255 131964 676804.5
15182 203820 610877.5
76717 171128 773702.5
104145 164691 633934.5
13453 211617 592931.0
229853 212283 720845.5
22181 179012 594135.0
132701 193593 684765.0
93856 76920 677647.5
192284 188021 697847.5
34648 204653 637223.0
194071 97145 683898.5
82093 150388 746930.0
206099 33313 616038.0
39400 251039 586127.5
188192 6031 663120.5
108381 174211 712567.5
77726 168975 755528.0
63147 165580 734968.0
132625 220730 649290.0
73024 94433 683186.0
47735 237620 719580.5
159324 125438 700855.5
9980 167253 675867.5
1872 187032 629448.5
147033 10619 611481.0
115894 210069 750778.0
179684 229414 755214.0
256482 154638 634119.5
86821 222210 636712.0
114975 240480 720050.0
253636 46074 634966.0
20025 263571 682818.0
43679 253282 612578.0
215227 85995 620284.5
38344 263204 752615.0
47739 65635 604584.0
140444 246699 598970.5
226177 260506 596306.0
257328 38565 676349.0
25648 210338 584172.5
79955 204114 724975.5
16919 61754 757059.5
215537 98905 611786.5
218191 138067 646491.5
212370 257898 734274.5
32718 247807 612131.0
234500 216666 691510.0
70251 111762 582766.5
251180 98148 730797.5
60409 166342 737453.0
220241 249802 681209.5
86129 26951 715678.0
195337 16517 638173.0
181991 205153 587408.0
180134 53293 643219.5
24929 117606 656396.0
156216 217335 645631.5
105122 255166 758557.0
104733 91292 703260.5
76130 187893 710653.0
92977 195162 623479.0
173961 128962 756598.0
231348 213822 692311.5
92492 162144 759209.0
93507 226867 592640.5
111326 79234 744154.5
147766 59354 626376.0
60000 133585 704995.0
254994 228592 635462.5
131371 235220 637352.0
162792 41458 675000.0
117221 13936 707475.5
123806 166954 725172.5
95434 213230 752292.0
11296 204953 589453.5
150843 65688 632470.0
237497 180682 712497.5
227156 121341 660557.0
153818 33845 673234.5
222464 82433 635906.5
194015 242083 751213.5
69624 240171 697290.0
135584 229967 586957.0
257172 22118 609914.5
100021 118931 664770.5
117432 103737 659076.5
213426 112103 670770.0
67979 254334 719796.0
142704 32711 627634.5
153869 244418 767968.5
136457 1892 581070.5
158214 41391 705558.0
71779 108757 645290.5
56528 95250 620624.5
109099 117125 656389.0
253334 159366 591151.0
118751 97184 677001.5
118541 233565 749029.0
120555 157912 758174.0
133938 31586 584279.5
107544 251184 595732.5
26842 257789 767692.5
206619 232906 613705.0
93643 211513 689882.5
243841 181472 673210.0
179788 111993 699318.0
195192 119794 648044.0
32259 256436 626963.0
239203 108422 698489.0
117197 150885 618390.5
71703 12816 676996.0
51824 176742 638131.5
173500 55991 648125.0
130052 171142 689477.0
29746 164375 703903.5
167682 72614 690424.5
153368 24146 611287.0
95990 60327 580575.5
69745 23044 614559.0
85803 60644 594730.0
190976 237878 764194.0
208016 33098 652762.5
245697 223088 683769.5
136795 224495 651958.0
51079 171407 594486.0
65191 23907 727446.0
256542 111009 639352.0
223945 252988 627394.5
57280 94971 759219.0
185919 97178 758193.0
79960 123279 634480.0
845 181685 681319.0
59387 148728 631507.0
231025 97015 729941.0
89543 47206 607846.0
124393 28274 619249.5
57753 140497 706359.0
74021 18819 701185.5
262150 131220 740240.0
4563 186586 691127.5
256704 31766 652082.5
232747 164022 656218.0
207118 125621 619104.0
55306 63833 636867.0
69053 256472 765359.0
31591 143120 648352.0
161149 37208 718799.5
150314 244422 697294.5
25341 5520 651232.0
214797 74970 711403.0
243569 38639 689060.0
138834 244667 622736.0
174932 133107 606078.5
172119 252982 620870.0
74138 206174 687344.0
218790 166685 617051.5
122997 11790 613685.0
166111 102107 760855.5
156638 34180 710830.5
167539 48282 643544.5
298 198143 644750.0
123821 246873 718338.0
259470 165808 639317.0
225976 140510 715960.0
177171 120913 766033.5
109837 202947 606086.5
112622 175511 705161.0
64484 255066 753029.5
158116 17593 699750.0
100043 193976 714020.5
153060 23818 611117.5
255339 31725 697161.5
176531 55988 627870.5
153426 17485 686535.0
5194 213617 702708.5
103639 166848 640458.0
11366 167062 633717.5
241350 220576 748020.0
133681 177490 601576.0
159717 27454 665458.0
216917 49856 634596.0
96932 22027 606138.0
122052 226879 721762.5
8794 145120 609259.5
102844 240169 694569.0
120763 82196 608426.5
245267 127221 683167.5
182370 8628 686481.0
41851 152284 704447.0
105837 5583 684364.0
260800 163099 741825.5
181583 72945 713868.5
180176 220908 664691.5
36263 207104 593004.0
180088 123547 689211.0
94937 249078 684769.5
40055 192890 673770.0
215547 238605 773523.5
148995 123365 586550.5
69633 255505 748434.0
66522 27838 691412.0
245077 162975 616523.0
65525 141789 644886.0
142141 232549 607420.0
203549 127159 589829.0
157686 147514 586460.0
236648 15609 659741.0
218554 153327 655661.0
175736 107861 718596.5
12986 114577 653185.5
43604 172150 664642.0
95892 247104 767922.0
231845 197462 587113.0
214669 99859 720382.0
194566 244124 624528.0
217955 229486 740416.5
171271 111083 703081.0
177253 243151 735387.0
204274 100536 650810.5
99706 30349 587422.0
209 135717 591449.5
151611 91856 671800.5
251037 222406 645107.5
187910 157423 601144.5
175395 245521 666124.0
127797 91194 646677.5
2971 226500 677195.0
235541 4182 729180.5
143397 176223 605700.5
162311 136639 623272.5
106061 246957 685192.5
183621 146951 582482.5
19874 165809 646530.5
154597 239062 739845.5
193301 263142 740870.5
146164 35512 580613.5
258407 32697 624719.0
126045 136367 588262.5
194004 255754 668865.5
228513 163786 723229.0
47772 94394 601661.0
29905 140456 663245.5
149510 15855 644048.0
182427 55988 596755.0
94563 216772 695796.0
225184 115663 585917.0
101759 68869 590033.5
148000 59035 629049.5
136598 156339 585769.0
101335 150616 596551.0
71524 25685 623844.5
5955 227499 648424.0
42185 144066 597580.0
119409 46067 669126.5
185384 35775 687471.5
177004 107347 750499.0
209798 63400 720638.5
200266 110899 596871.5
9486 68023 663964.5
119614 139407 731829.5
58932 167458 759340.5
227694 54307 667476.5
242357 35985 637573.0
9264 5431 593038.0
102599 130853 588349.0
14134 121449 596542.5
96423 164828 749899.0
240470 92345 655207.0
159188 139550 588944.5
91478 147274 625631.0
117784 140170 645557.0
9861 119865 678927.0
68895 113240 591766.5
224254 163476 652812.5
163070 120653 685687.5
43676 87850 706566.5
222870 33030 619700.0
71462 167870 712841.0
44215 239653 721797.5
214035 131180 635465.5
78018 218021 590080.0
238184 197040 745443.5
183555 54260 606068.0
128091 173584 702529.5
129181 152538 701646.0
66745 217423 601097.0
113798 68471 602894.5
239547 182935 684113.0
246445 123739 713216.0
77944 54620 589570.0
130579 241685 660885.5
2007 9380 614288.5
37991 152589 662152.0
33382 65863 759904.5
20169 154101 659442.5
113611 58821 598854.5
139747 71773 702014.0
213119 235586 740397.0
95991 203949 694432.5
181057 71269 731027.0
108528 258248 708583.0
79633 47318 633271.5
205261 34978 638663.5
7013 67539 688972.0
225667 5008 616053.5
51083 100780 591969.0
112736 116346 607231.5
212819 251467 608642.5
206861 108162 663567.0
98496 201486 700264.0
164328 87424 744727.0
196016 126393 592406.5
219227 108743 618625.5
127233 89034 588648.5
21875 259794 652290.0
167863 215477 595181.0
148235 96652 657208.5
254747 148139 611042.5
183377 37983 643173.0
219866 20051 606802.5
230749 67419 728749.0
192468 47329 746226.0
244352 187156 624846.5
88203 140083 643651.0
137742 158746 590708.0
60334 228861 740724.0
143207 262228 607441.5
221330 170389 686851.5
258136 115746 748547.0
233133 140681 630322.5
107792 210934 652099.0
222991 89810 586379.5
142814 117117 662002.0
203993 112682 586818.0
33167 236072 681834.5
8434 2898 642364.0
212214 10838 699298.0
132991 127603 631170.5
179630 231165 757225.5
224878 176437 700789.0
107473 65532 714489.0
217974 249084 677926.0
169255 233378 699651.5
92561 236190 767252.5
157163 20639 660256.5
69866 12586 648743.0
259707 234035 594301.5
196873 255212 746263.0
240617 209984 600266.0
110401 170344 735051.0
19858 66702 754285.5
133161 77729 671315.0
182595 103335 663873.0
263402 193490 623499.5
44104 242255 655284.0
158175 133042 607620.0
45923 255890 674767.0
151164 101896 662438.0
74716 107227 694655.0
10925 172464 673379.5
246525 159755 639748.5
57856 223436 648850.0
51941 91522 736724.5
19723 174912 679837.5
203959 127887 585644.0
136872 35749 632343.0
59038 229407 773073.0
122121 92455 603847.0
237701 53051 696883.5
228904 74206 772737.0
5793 185104 765997.0
260002 131486 724816.0
73125 158505 743245.5
64837 55557 612776.5
111296 155857 707658.5
56530 96129 606469.0
145661 115034 744205.0
232476 162987 666333.5
212748 108459 687858.0
191901 99672 714628.5
59605 115973 695427.5
239261 209317 666326.5
132426 240461 682972.5
76847 150669 717429.5
17526 151012 595832.5
66386 20527 702915.0
5446 22491 631016.0
92362 138199 651135.5
44276 4653 756559.0
173650 198636 624651.0
94550 224288 606426.5
31683 122370 623447.0
77479 212526 653818.5
