74409 237354 1270944.0
64574 235694 1312634.0
100320 174802 1166009.0
65335 250013 1171953.5
262335 151621 1205414.5
2324 128750 1204485.0
97172 3829 1259892.0
191813 123671 1163459.0
206586 82741 1220104.5
155061 78974 1252600.0
224991 180036 1195412.5
159746 254914 1222388.5
38133 6277 1212068.0
85454 133367 1200435.0
1139 217325 1166304.5
259317 90106 1390284.5
79679 184145 1197490.5
120805 233953 1192380.5
139073 62335 1174610.5
82757 177379 1352740.0
5717 74628 1347701.0
231642 88046 1249567.0
83319 30955 1232406.0
167177 61166 1174278.0
214043 193848 1257812.5
95271 239369 1168462.5
236999 85005 1434658.5
258655 59583 1195384.0
89408 168724 1170087.0
87180 174822 1226086.5
975 60109 1279946.0
124703 160229 1175612.0
78087 30242 1201897.0
120035 1790 1228276.5
79411 246669 1207032.0
105791 6286 1204249.5
165174 80325 1180265.5
166361 193700 1207285.5
242565 81046 1224892.5
173810 94756 1215351.0
200174 118937 1217458.5
239307 91183 1323201.0
76496 247458 1311078.5
191306 124083 1186413.5
176974 244691 1188037.0
117737 171964 1201825.0
193118 148822 1227255.5
192538 173044 1298917.5
62652 247711 1211181.0
155948 260767 1198260.5
78225 254493 1204291.0
62528 152138 1201243.0
83183 189565 1196896.5
100429 4853 1194178.5
90253 139016 1187649.5
57647 92048 1223082.5
84712 10080 1183608.0
226709 173399 1192067.5
172048 35131 1204467.5
262925 48044 1188584.5
120482 192552 1199538.5
226440 159709 1169565.5
257209 95857 1202026.5
575 35616 1181589.5
86564 105686 1258529.0
175847 100728 1185814.5
118492 142248 1191166.5
80896 184034 1231761.5
114416 151327 1169160.5
81718 263052 1386943.0
208583 114185 1212915.5
123260 172961 1168984.0
107015 79142 1178868.5
243819 58817 1259096.0
81465 226076 1343837.0
110999 82897 1188783.0
193346 220561 1186642.5
260532 89350 1280821.0
257695 80364 1467188.0
59028 251784 1163969.5
61146 243350 1239134.0
95432 260955 1292048.5
86761 108495 1195837.0
2827 224654 1221158.5
64424 6888 1177646.5
96805 153061 1186553.5
245219 60753 1228370.0
215405 225882 1165089.0
159423 88579 1186437.0
114509 164355 1211771.5
264258 54056 1212449.0
94838 168213 1185908.0
118989 156107 1331415.5
154588 58845 1181139.5
75187 231295 1217507.5
174242 78552 1187996.0
192900 209047 1210776.0
97486 159515 1193036.0
165856 118675 1322638.5
159435 89671 1214883.5
88230 253796 1198909.0
78979 227419 1275936.5
159694 106145 1210559.5
1754 221267 1174081.5
254594 89170 1215217.0
5715 150138 1165932.5
233614 168669 1195496.0
122710 845 1228760.0
92153 236537 1205607.5
114230 141948 1171789.0
180936 191280 1328265.0
162601 57710 1200385.5
176745 87957 1244914.5
262448 75970 1391023.0
124664 259267 1261371.5
125626 237951 1244905.0
235974 43484 1180654.0
157218 120296 1162165.0
82159 200806 1207535.0
118148 259103 1267378.0
260985 107725 1166943.5
235518 80878 1368054.0
63532 261319 1222482.5
178072 234288 1213203.0
62610 225856 1221085.5
231241 59645 1254222.5
258440 84021 1361552.5
76972 227312 1164565.0
114200 152458 1260080.5
114338 152794 1280520.5
86767 170806 1229778.0
243536 118175 1201204.0
95976 178477 1260820.0
73181 8936 1163672.5
82567 188194 1203086.5
254582 194227 1176467.0
173356 124824 1188223.0
252900 87665 1171963.0
160994 76376 1212384.5
192134 70294 1206212.5
141136 191415 1223168.0
99184 261495 1164297.5
84619 203808 1189444.5
60772 166764 1182178.5
85131 31781 1254461.5
245988 66499 1220433.0
14302 84034 1257201.0
47984 691 1176283.5
237886 149040 1211488.5
176621 123474 1172246.0
5707 79631 1425091.5
32613 81249 1251314.0
42448 238064 1176883.0
84396 248395 1346425.5
263965 89312 1310147.0
2554 106479 1164329.0
86265 15697 1190264.0
236238 57391 1406949.5
87076 166980 1253537.5
237124 121426 1195726.0
170113 80320 1190666.0
244912 81347 1339380.0
114355 254364 1162499.5
83608 200152 1207119.5
10071 89942 1197832.5
73143 92037 1242105.5
94336 263460 1167556.0
100156 4316 1304338.0
86718 17594 1191567.0
89298 1666 1314054.0
98565 262944 1238159.0
119126 116700 1169191.5
82981 232682 1273133.0
100718 178194 1217428.5
194069 70318 1194409.5
83272 15092 1211921.0
191794 121247 1198954.0
248665 63908 1177883.0
88416 31702 1162319.5
158167 102731 1209645.5
1476 219191 1162791.5
124913 263190 1243799.0
116256 83780 1374262.0
124689 264191 1169840.5
68412 236356 1308270.5
152524 80169 1229823.5
242475 86773 1265516.0
84068 181770 1266289.5
160600 77853 1212190.0
85610 258719 1389255.5
73569 34280 1192327.0
73938 184949 1177900.0
194183 78817 1233018.0
80541 114259 1299357.0
259722 122555 1189050.0
225572 83840 1399595.0
231256 88027 1239874.0
91923 2780 1386989.0
122396 2764 1229387.0
17387 257736 1160873.0
88631 102204 1172108.0
76906 255933 1214472.5
66389 115678 1184077.5
67470 225817 1187061.0
89090 234283 1314947.5
212950 119297 1277835.5
153093 257793 1212455.5
79562 251268 1191151.0
199295 191754 1212724.0
58259 180326 1175963.5
178195 92551 1201587.5
56959 194083 1357463.0
123293 160668 1163690.5
6660 172327 1160744.5
240244 83030 1328845.0
179284 118872 1279415.0
239236 101321 1189318.0
86100 136967 1204040.0
178547 100667 1256676.5
244686 42356 1165541.5
72799 1578 1218892.0
157211 119148 1327198.0
59204 244356 1245097.5
5996 116704 1317505.5
172022 118950 1351557.0
4326 128651 1330883.0
6587 81430 1251307.0
262568 219703 1258972.0
219168 239106 1161900.5
193907 58893 1243549.5
97149 177667 1206286.5
259599 42649 1168675.5
237246 220169 1251794.5
80572 244211 1319119.0
89649 1959 1343872.0
83979 194170 1360603.0
209084 86895 1276411.5
81440 163203 1207254.0
148631 114708 1163957.0
118081 262081 1271615.0
77318 81 1287598.5
153477 4189 1251804.5
82649 139234 1226920.5
160661 121931 1199535.0
118393 156674 1219710.0
95503 154396 1195842.5
260922 148231 1200736.5
221396 238197 1253517.0
161368 191846 1305749.0
202931 91456 1212918.5
229592 73556 1248193.5
85394 169606 1175992.0
29 105839 1160731.5
83177 245260 1299595.0
83148 248541 1271950.5
6656 117240 1171733.0
9616 88674 1164127.0
205410 82714 1224494.5
84156 185447 1344820.0
34747 78079 1184365.0
60074 194208 1215562.5
85067 259572 1412579.5
79426 236561 1398410.5
76434 180359 1253891.5
257701 64301 1406206.5
172075 83748 1307419.0
177310 58650 1226155.5
252026 194467 1186075.5
160203 60822 1241277.0
6453 216200 1196909.5
206740 84765 1223778.5
30106 66455 1194377.5
102282 180576 1193701.5
65554 191863 1304791.0
178855 73089 1209780.5
153599 261486 1190987.0
238753 79495 1343874.5
135833 90775 1239183.0
37960 236435 1194327.0
225875 181944 1177774.0
176055 81797 1292420.5
118575 58190 1179518.0
88827 250188 1196370.5
227525 178466 1232736.5
262408 54488 1167209.0
66910 182285 1183938.0
81474 33525 1178598.5
1678 69160 1190973.0
247380 89251 1259192.5
199223 191769 1217481.0
180753 114313 1230841.0
177350 83928 1262101.0
237892 92505 1173496.5
85755 160349 1277635.0
260667 170718 1191608.5
215738 5751 1223388.0
75986 243432 1257431.0
81687 119383 1339303.5
179615 83891 1263692.0
193881 224659 1182470.5
96604 175564 1185501.5
257926 97948 1205916.0
178566 1505 1168256.0
79960 160789 1259391.0
6013 40220 1165918.0
229776 82465 1323769.0
114047 158640 1308980.0
86674 155695 1276980.5
95407 236225 1256271.0
2504 194189 1253614.5
11212 85478 1204017.5
162339 255161 1261059.5
213240 81762 1182624.5
124858 160535 1172719.5
62838 152676 1167087.0
228661 86199 1262620.0
201999 91364 1252490.0
257633 93123 1218671.5
248920 83192 1231167.0
182899 59885 1163437.5
259116 86274 1392024.5
78943 184484 1234226.5
119605 243873 1248456.5
191397 155461 1400296.0
96803 158105 1193098.0
258935 118304 1284930.5
223214 194462 1220270.0
158294 79049 1191713.0
225578 212796 1190248.0
260902 147465 1195568.5
231224 100664 1172321.5
86778 242267 1290691.0
173112 71476 1176390.5
249537 83877 1181346.5
154416 102046 1195258.5
238864 37364 1203334.0
91568 180295 1280747.5
4571 71136 1274123.5
100496 3128 1223021.0
138630 86335 1199246.5
65231 180356 1208902.5
163630 115305 1178812.5
20648 57962 1163872.0
94365 161533 1210664.5
84330 43820 1172783.5
94824 236073 1245034.0
238540 60640 1334318.0
113967 3298 1275877.0
83314 208984 1217064.5
250068 73872 1161144.0
70936 261689 1224881.5
196667 114124 1168521.0
78889 3545 1397102.0
157222 115576 1235846.5
7735 61976 1173041.5
4505 118287 1225381.0
236649 96793 1268902.5
89525 31751 1179460.0
78939 207547 1168420.5
244071 66035 1313684.5
84806 16329 1259165.5
79554 229247 1254459.0
97936 259143 1248529.5
236954 81713 1422247.5
176817 70979 1203207.5
226443 58168 1223733.5
56863 235069 1246913.0
58123 250206 1175536.5
61664 237560 1291982.0
2084 58690 1268780.0
4446 84080 1395349.5
263256 89242 1391054.5
257086 85906 1286066.5
88533 191155 1331883.0
68161 242693 1221939.0
234591 75129 1249186.5
102109 80794 1169629.5
82855 200696 1193109.0
57481 3561 1431008.0
226621 155195 1170480.0
183639 100669 1168316.0
117112 233305 1225110.0
9283 88469 1174429.5
7530 82718 1268311.5
237969 62899 1271943.5
103635 83223 1163259.5
72634 4086 1257045.5
5920 218723 1186511.0
84172 200924 1246111.0
247757 86324 1298393.0
83364 176743 1344764.5
87148 119327 1351884.0
248463 191346 1170414.0
162785 118818 1289940.0
102784 258436 1203409.0
84562 6978 1303068.5
256438 116791 1206326.5
79666 181449 1190656.5
96892 5362 1211508.0
82367 92954 1236291.0
91049 251732 1233798.5
64152 171951 1194211.0
103612 82658 1193738.5
84031 9203 1272327.5
176907 116181 1283419.5
76700 157251 1197107.5
82998 238986 1408889.0
35472 171911 1165332.0
6248 79195 1461009.5
80154 29633 1228773.0
232094 61899 1198015.5
10902 76843 1235346.0
37776 263007 1167775.0
237526 90238 1339451.0
192065 174613 1320044.0
78139 179233 1179263.0
83723 133367 1261878.5
245728 84282 1347621.0
83948 156784 1252028.0
14826 76900 1168680.0
240109 62094 1256984.5
251110 83728 1275776.5
11966 84117 1217094.5
176608 237438 1163286.5
194128 146769 1208798.0
48472 263293 1186832.5
183198 63813 1166778.5
59289 257293 1189879.5
86930 118728 1403383.0
165154 83780 1251394.5
57113 164992 1176629.0
261149 114835 1233239.0
123822 2417 1212339.5
171747 63123 1178850.5
117074 255928 1232440.0
171899 109549 1168018.0
89532 163888 1178131.5
75130 2638 1289930.0
103259 81033 1209654.5
83317 175223 1292733.0
234147 73820 1223399.5
10553 82948 1220259.5
244480 81641 1321982.0
64521 247284 1186936.5
89191 250221 1191893.5
237043 175017 1193384.5
96600 243995 1190330.5
168417 80039 1208848.0
150839 193363 1193114.0
155654 83647 1300048.0
84459 185061 1288264.0
201402 193531 1202331.5
125113 2067 1185445.5
171297 118913 1311360.0
83463 174114 1283294.5
29493 156569 1162066.5
64311 258469 1231859.0
81906 254929 1466528.5
243603 75446 1248862.5
137439 79557 1173097.0
118653 78101 1326457.0
263696 60315 1279337.0
182672 83992 1282184.0
101143 259035 1244057.5
201746 191147 1269796.0
179027 85889 1222316.0
74166 239145 1284486.0
96734 173872 1206622.5
89536 10914 1188313.5
165999 58256 1165266.5
83151 188322 1177828.0
185936 116782 1174278.5
115620 2122 1197163.0
252590 77172 1223539.5
150 115854 1183936.0
159473 87551 1193290.0
191130 169207 1319440.5
160341 84638 1352095.0
178553 72538 1193983.0
192200 144421 1194225.0
57352 263493 1226939.0
157272 91327 1286905.5
190913 2376 1250942.5
255289 63251 1339373.0
175196 106448 1182015.0
217935 262471 1242094.5
74784 258766 1327788.5
158007 101418 1170395.0
92525 178546 1232687.5
260786 79882 1426282.5
191327 214337 1221623.0
79481 165783 1172680.5
258984 57432 1374677.5
66512 155830 1210862.0
172051 106457 1230297.0
121878 263688 1254129.0
178356 64110 1271560.0
62807 231553 1218827.0
77978 19257 1176692.0
86603 33328 1260383.0
86838 230150 1288043.5
57280 248723 1212360.0
85170 28614 1215218.0
16991 85711 1172295.0
33057 22 1169734.0
80860 166641 1223444.5
72468 231184 1171186.5
212289 192902 1254182.5
203222 84749 1216942.5
30718 87813 1173831.0
212801 57560 1164896.5
7780 81568 1248864.0
92716 84152 1261451.0
196199 119365 1194468.0
247215 82183 1333857.5
8381 84284 1288276.5
118873 216990 1227053.0
176693 1036 1163384.5
77540 246020 1199544.0
262541 220511 1297648.0
264264 96135 1235284.0
2557 119917 1253488.5
158882 93016 1187188.5
262637 61195 1326440.0
77278 242897 1266809.0
175254 90351 1240804.0
80521 31425 1212861.5
175094 234999 1183658.5
179829 71390 1183124.5
238639 98528 1162352.5
158659 31326 1162951.0
163338 81669 1213136.0
175940 102740 1208536.0
80101 231313 1293746.0
85210 251300 1180719.0
116347 224988 1194455.0
226898 176809 1215108.5
59323 155618 1202412.5
114961 257424 1174743.0
234214 176136 1170338.5
126347 244614 1170726.5
175613 84550 1347769.5
67719 230975 1304909.0
172285 237016 1162146.5
169602 119373 1263310.5
158237 59365 1203134.5
185268 106306 1176889.0
219303 239063 1195309.0
102666 154106 1184494.5
2239 42207 1161034.5
68310 175776 1170585.5
5889 185783 1179847.5
79518 248161 1257274.5
183627 81068 1237765.5
244723 90033 1268538.0
76187 158374 1194966.0
57994 235293 1178832.5
238319 76007 1368482.5
185919 193603 1201642.0
101607 259082 1242883.5
76950 251740 1188747.0
193237 209343 1217174.0
90120 238265 1418891.5
76926 152920 1207371.0
235883 67121 1274802.5
253715 61864 1179502.0
227137 89566 1226303.0
3882 221469 1214848.5
73868 182949 1178447.0
257478 58901 1193685.0
133473 65205 1170242.5
258673 191216 1202865.5
182452 88385 1218641.0
74712 4046 1308735.5
87264 195285 1173160.0
98129 953 1228714.5
6695 178319 1182798.0
161686 86056 1171403.5
190934 259015 1213581.0
5414 123335 1196045.0
233212 91280 1258943.5
124603 2779 1233799.5
86895 114934 1366208.0
263108 95647 1252645.5
99009 5173 1194105.0
210202 82234 1215128.5
192879 208999 1216703.5
65169 261132 1306993.0
259484 59673 1270695.5
180416 94769 1216616.0
73253 257832 1252203.5
239112 85328 1343270.0
101441 178132 1203856.0
174997 226768 1166689.0
247613 67437 1164098.0
159891 101131 1194527.0
262791 89934 1348843.0
3969 95164 1259644.5
86603 11334 1204728.5
185350 192938 1308834.0
82418 258067 1429411.5
116744 154086 1195469.0
57196 235295 1263871.0
41735 178521 1172088.0
58842 260005 1220689.5
66455 177228 1192234.5
62750 173271 1244737.0
160772 106504 1207926.5
83915 156795 1210646.5
59794 235835 1305785.5
213254 115242 1187574.0
161057 237723 1163494.5
87141 108257 1229436.0
14811 57336 1167261.5
95662 166923 1173719.5
79478 9349 1188446.5
196123 257820 1188888.5
191927 182226 1321282.0
262306 57025 1284849.5
25806 84319 1203299.5
205188 85078 1198794.5
86490 11303 1189831.5
94829 180528 1190557.0
89533 261912 1315845.0
193242 156173 1307129.0
81722 251303 1239257.0
62152 261525 1289221.0
72346 2914 1234705.5
191863 90926 1358882.5
150174 193697 1188410.5
126587 236657 1247173.5
79710 232171 1242460.5
80126 201831 1181259.0
252295 78712 1257490.5
85498 179015 1216853.5
128536 5785 1281614.5
695 44017 1182770.0
63243 6415 1319347.5
170939 262717 1160831.5
97772 154005 1180997.5
35154 159243 1173589.0
228802 91171 1221756.5
118879 185091 1292148.0
152874 91604 1199433.0
139286 62348 1187076.0
118802 120741 1169877.5
173457 83928 1293049.0
238528 70434 1218000.5
167805 118480 1302467.5
193489 67857 1179932.0
263629 70850 1211940.0
237978 44713 1173539.5
29951 60896 1164097.5
240625 62218 1232065.5
114216 76676 1247613.5
156946 63913 1226883.0
192854 78581 1290367.5
57572 160272 1204158.0
173274 100842 1231630.5
59388 262747 1305501.0
247771 73002 1173958.0
218072 191066 1210362.5
176050 193703 1261446.5
236240 115704 1183202.0
253442 73943 1191353.5
94837 213487 1178698.5
177470 77313 1195795.5
32158 73946 1173729.5
236968 68463 1258260.0
57594 171681 1257744.5
243067 57027 1334784.5
257403 63023 1188830.5
106321 81466 1242184.0
128770 237339 1217838.5
227345 82995 1312074.5
169643 102080 1175714.0
246873 75675 1207112.5
234612 83358 1314177.0
88331 173613 1216737.5
235827 46463 1192850.5
235503 175246 1193263.0
262470 147422 1215845.0
86059 114528 1296195.0
118924 244097 1216307.0
82350 185192 1272078.5
229684 62681 1186216.0
165925 193740 1191063.0
236174 185285 1196034.5
261115 71267 1225910.5
63829 168597 1164141.5
76779 6289 1457539.5
74242 6460 1307291.5
118847 202965 1201960.5
123195 2332 1220708.0
77450 155170 1220798.0
255164 175846 1210987.5
246212 89013 1211072.0
86361 19419 1165258.0
252310 177843 1221679.0
57105 114685 1292927.0
200479 86931 1209321.0
60806 3823 1332839.0
61171 185412 1231304.5
36933 236307 1169931.5
64968 35170 1166919.5
81980 136493 1200933.0
10197 80885 1199834.0
262675 130323 1221000.0
2622 61378 1336677.0
71975 256669 1175881.0
262001 213460 1227501.0
75057 175832 1177742.5
156879 239047 1171935.0
152642 56949 1211031.0
117380 158850 1218020.5
171923 31982 1167619.5
192759 129664 1166422.5
57764 193705 1352157.0
247703 96000 1162963.0
226595 161077 1204863.5
160182 112425 1170295.0
176918 58167 1231328.5
102899 153130 1202884.0
175615 194228 1339739.5
113743 172131 1176417.5
82826 260234 1329422.0
80376 93636 1161422.0
259305 69305 1241887.5
73881 5211 1295175.5
60508 263276 1434773.5
83527 257182 1347955.5
190968 177320 1346740.0
237452 176893 1166336.5
253951 65005 1212694.5
234335 56948 1282437.5
79195 181147 1234555.5
173561 117129 1248249.5
134308 79352 1164375.5
82669 192987 1353228.0
185622 114923 1208424.0
145479 192858 1218983.5
176464 192443 1254873.0
218201 4754 1181561.0
237264 118707 1243090.0
157950 79923 1238418.5
247562 64004 1236181.0
225408 155396 1210732.5
32407 159498 1172624.0
155830 65095 1206418.0
14624 81013 1192654.5
263236 153183 1179456.0
208054 119358 1245736.5
75724 5575 1281331.0
235721 72027 1366230.5
45137 239138 1180479.5
258921 159175 1184379.0
83684 231627 1339307.5
72508 261493 1201368.5
81367 30338 1213306.0
152249 233953 1177774.0
111900 84446 1218651.5
248409 118521 1210242.0
78596 34327 1267134.0
88761 238229 1380866.0
82896 209872 1208029.5
65463 246681 1222885.0
217696 262608 1195655.0
65510 256671 1251657.5
192636 88191 1319676.0
171736 235446 1232591.0
82884 155567 1294124.0
31896 82822 1210474.0
86754 257329 1333338.5
119265 89340 1316814.5
226708 60914 1197251.5
193261 84544 1421666.0
61296 165306 1179248.0
89872 241039 1266557.0
61864 242732 1279194.0
229553 159269 1169930.0
193817 155624 1269232.5
158555 83185 1295822.0
31553 85382 1198484.0
259150 223808 1209775.0
114852 91936 1238557.0
70620 264319 1270754.0
248114 116442 1185361.0
61670 176204 1231676.0
2607 102113 1247726.0
236644 158482 1226134.0
191494 183812 1266045.0
61551 29932 1174367.5
95499 159538 1200078.5
238925 77961 1397876.5
32797 84639 1261756.0
178037 64315 1233434.0
162637 84814 1266800.5
262838 48999 1168855.0
61100 154992 1182969.5
159936 62922 1175829.5
191396 257874 1226225.0
88318 115631 1216328.0
86175 248051 1285618.0
159881 31543 1177812.5
82548 109621 1185111.0
85515 105622 1254242.0
194109 57220 1359657.5
86925 263449 1464141.0
193388 215302 1207001.0
117410 175792 1237945.0
257422 71502 1163785.5
199101 192755 1204666.5
48003 3758 1171434.5
262036 174867 1168385.5
149431 193047 1202560.0
177753 85203 1287058.0
230429 64766 1175485.5
238806 84649 1433623.5
254545 60683 1199200.0
258045 122179 1262385.5
162337 117961 1201726.0
263798 131553 1205753.0
115779 157644 1200975.0
257140 90207 1281527.5
81573 254247 1274847.0
105839 3787 1168276.0
258233 114415 1213775.0
190934 155169 1361569.0
191261 189637 1184583.0
61804 228092 1204270.5
115814 3266 1201855.5
263157 219345 1196713.5
64821 174256 1161725.5
167437 57455 1218815.5
92312 78732 1191537.5
192449 91248 1323371.5
208372 257811 1164024.5
260951 81488 1456801.5
212022 80304 1172601.0
82462 260138 1359388.0
83391 229586 1340047.5
190861 156078 1292373.0
221248 243053 1175479.0
195291 119056 1179972.0
57872 243981 1383411.0
5283 67604 1193852.0
81212 22101 1174992.0
261462 156735 1197121.0
238125 214678 1195787.0
242387 57322 1229733.0
247143 87601 1228633.0
63749 228272 1190638.0
236239 74341 1322668.5
226417 216893 1181717.0
254994 152164 1208119.0
188570 194151 1173867.5
89978 137776 1168098.5
87815 252423 1200602.5
168288 237299 1165224.0
225348 172539 1169016.5
65331 180253 1201008.5
65532 133629 1163922.5
167803 85610 1207218.5
82715 175806 1337748.0
235843 149417 1178966.0
85021 227118 1306309.0
258083 91158 1358182.5
261984 119961 1305939.5
193440 176272 1261198.5
255282 190868 1227010.0
201381 85099 1224508.5
171309 237286 1170318.0
232476 82878 1276571.5
121139 614 1203490.0
260477 222595 1179447.0
70482 258232 1201121.5
118631 134982 1180183.0
175659 234587 1198957.5
62459 172601 1189632.0
193294 167009 1196648.5
1282 74824 1288484.0
152251 83475 1277609.0
547 86873 1434541.0
225349 87613 1275857.0
257665 154784 1224868.0
85372 16774 1181001.0
89158 248040 1245881.5
209986 83403 1212814.5
30791 80753 1200986.0
170995 262990 1211736.5
5215 85859 1342980.0
91393 256938 1315715.0
152117 194334 1346016.5
64808 259342 1314612.5
156697 9869 1164600.5
238011 149288 1208356.5
65654 118906 1284712.0
82228 133706 1253535.0
237243 173185 1161063.0
110091 84735 1231523.5
92925 185993 1175676.5
160584 78505 1223675.0
191198 65199 1323897.0
72244 247580 1170585.0
61744 262909 1251685.5
194051 69862 1165128.0
177445 78529 1273438.0
197651 82306 1180325.0
206822 193971 1218209.0
141493 194185 1207382.0
73910 159277 1177904.5
114315 248374 1174223.5
176622 76915 1232573.0
155828 191309 1358039.5
67309 118960 1192570.5
231382 85575 1290303.0
80712 16066 1183956.5
238577 64016 1301477.5
233494 61151 1183068.0
106050 64405 1170396.5
200400 80275 1175889.5
153693 86429 1238343.0
83492 230569 1253769.0
83849 112892 1178240.0
205189 86874 1186468.5
88954 156414 1243900.5
192031 68171 1255355.5
192021 142355 1211667.0
30959 176714 1169756.5
123024 255144 1288751.0
81695 4257 1513244.0
222714 238837 1204091.0
84727 1736 1422921.5
83801 192809 1402946.5
232767 118367 1188937.5
194378 156632 1321124.5
148830 114174 1194244.0
90776 134289 1249084.0
253995 192739 1178538.0
92087 155465 1251840.5
84923 17423 1196839.5
103128 6149 1242123.5
113860 172919 1218116.5
82165 34563 1214552.5
234563 84020 1323500.0
225142 80406 1258310.5
177321 238391 1175525.5
88696 115979 1181098.5
194230 256014 1172288.0
236503 220429 1294361.0
252689 60849 1195322.5
154543 226883 1193370.0
156942 263963 1183232.5
60353 237448 1245969.0
239160 127232 1163639.5
58909 237090 1282297.5
166987 61193 1171822.0
118075 5067 1212517.5
62838 1765 1266464.0
63835 245152 1221228.0
209381 192529 1231925.0
79827 162652 1187740.5
86505 199029 1173986.0
155116 225628 1201786.5
4378 37404 1258113.5
42496 3648 1188563.0
69310 118758 1221747.5
92062 169831 1220613.5
7674 84299 1308663.0
80089 234687 1297776.5
8328 66720 1185412.5
224748 5875 1269279.5
34870 63994 1174567.5
4071 101696 1195639.5
226436 155718 1189629.0
255873 62822 1196308.0
183901 114932 1211406.0
193182 177979 1303881.5
79993 192512 1308467.5
118703 217243 1248280.0
100542 235921 1238126.5
67453 175055 1171518.5
1111 117450 1344103.5
261032 147701 1216877.5
32006 158860 1166520.0
171241 78756 1220082.5
258813 123989 1253957.5
4195 68087 1360712.0
114313 202797 1164081.5
215998 6147 1204582.0
172915 193782 1224402.5
103258 2604 1252957.5
185971 85273 1207381.0
61492 139138 1185056.0
236343 57871 1458092.0
4939 67366 1210100.5
262551 175008 1211151.0
62102 9604 1163387.5
182968 90239 1213035.0
79832 237436 1361942.0
