28713 126446 328809.3
109688 56124 342097.8
210386 29426 372266.7
262063 2342 276183.6
136288 174906 344024.7
238884 245570 274866.0
13807 200803 260779.2
8847 244005 355110.0
144459 110784 370944.6
24235 256772 330279.0
218188 78567 320832.6
199855 14174 221009.1
189142 165156 304890.9
223184 141560 214535.4
27025 209433 354444.9
68521 75971 217860.9
147180 49425 270548.7
12601 39468 286644.3
179592 200136 224113.2
20304 19903 228376.5
223809 121547 224426.4
166892 151459 256487.1
123138 53984 248889.3
56641 42828 264671.7
259867 9486 372823.8
11398 40008 259327.5
220715 81299 380161.5
40103 106035 349908.9
84916 63968 349412.1
19247 198968 305763.0
207663 152965 241812.6
136705 152127 361014.9
160063 163363 218408.1
180581 252804 352463.1
25846 125244 298513.5
87231 68736 218702.4
38207 136905 364378.2
73841 68973 241685.7
218711 135537 342582.9
137890 2302 378422.7
114465 94114 272008.5
149199 28830 329876.7
128000 24071 326670.9
131748 81051 360672.0
81428 68733 350021.4
206976 21260 352555.8
129892 23705 370168.8
24377 38859 260505.6
107399 97957 275698.5
21940 36772 227497.2
33281 49598 381645.6
68213 73983 255447.6
178897 195394 232524.6
246673 198160 305648.7
126684 76157 356475.3
77030 86499 378127.5
178878 177461 261051.9
207471 104559 383261.1
104258 199704 372451.2
46105 149219 326369.4
161116 211961 225573.0
48819 222629 257846.1
230500 250871 342339.0
93777 38915 252969.9
49482 17121 297346.2
125465 94943 350609.1
22088 207447 367152.9
213920 160619 229614.0
161550 195717 231836.1
18152 108865 259152.0
35576 71588 384619.2
219619 186375 280710.6
133468 7350 327117.3
37401 106570 302150.4
22276 130055 354537.6
235571 134964 358662.3
149780 207075 219549.3
68134 90687 352859.1
154671 195727 307163.4
208368 179969 289101.3
133476 239920 258782.1
51131 15486 263241.6
7044 102421 247597.8
102218 36497 292032.6
53918 94536 325121.1
67295 42385 364410.6
156725 208122 264471.9
229107 103686 358075.5
86336 73610 285876.6
112848 43014 226411.8
183306 187453 323143.8
220535 122436 325331.7
126719 197288 356809.2
150254 218887 222124.2
143844 153296 350535.3
58415 45311 250336.5
211823 216017 375910.8
113419 46158 238681.5
125809 148351 351608.1
121530 29141 295346.4
201258 13522 314782.8
133556 261180 241797.3
246810 141043 351394.8
104657 143931 356236.8
101841 33660 349266.3
154664 207687 236544.9
50643 240705 328133.4
210858 249304 347728.2
170709 175987 220080.3
244474 13944 363467.4
185119 252061 334991.4
190573 166859 305148.3
190055 250389 329464.5
59807 102170 264947.1
14831 106080 226448.7
217418 74861 292985.7
247292 187483 370355.1
260120 231206 351887.1
52815 93187 356285.4
187572 41788 360388.5
146755 23554 333127.5
113112 204499 383460.9
233769 112883 346125.3
36307 23210 236321.7
173562 212274 277802.7
208906 188179 221736.3
23719 38470 256008.3
41717 51822 318902.1
23133 217319 384080.1
50504 23278 366054.9
138513 244105 386242.8
178599 172443 336516.9
102330 37182 276686.7
221572 39699 361419.9
165976 148275 298095.0
146023 224409 308208.3
202272 159682 301269.3
202137 132162 353591.7
39698 222741 267045.0
217928 53047 279262.5
222503 49596 221958.6
148592 215458 266579.7
22738 190383 258211.5
144967 187895 247260.3
150007 126713 386186.1
20423 69973 386251.8
78304 116557 358781.1
29230 97941 326657.4
53143 223926 280172.4
111756 123261 351822.3
68225 37533 307130.1
53888 20858 244631.4
140472 127143 333568.5
139635 216950 340161.9
206860 215191 319046.1
144361 156282 363174.0
127954 49940 290823.9
190817 171317 354948.0
9446 135244 290472.9
51942 21711 217100.4
70529 119547 235096.8
150589 264340 354954.3
13307 252782 328424.1
256763 201134 318912.0
194568 174452 334248.0
227170 113449 247291.8
182442 251822 377232.9
17693 249089 285004.5
134605 184827 302370.0
120790 35619 301412.4
30019 17935 229017.3
137974 146080 250621.8
253373 176389 346913.7
115475 190859 226782.6
174213 144330 288667.5
235298 24960 353574.6
140814 222059 269780.1
249464 7970 372365.7
23066 107620 212827.2
166246 253640 308169.6
108262 131230 371133.6
157736 213453 221649.9
151282 205918 230056.8
258654 189178 332107.8
111657 199004 362371.2
195031 104738 279763.8
233140 32876 297485.7
15175 133940 321557.1
112691 101587 297771.0
143770 182818 308934.6
24288 210787 323653.2
254466 33868 375146.7
65927 220725 267584.1
47071 63650 355879.5
111345 99777 325167.0
50200 133078 340971.0
104418 204227 366201.6
262693 5911 217075.2
43808 141109 349871.1
39208 218281 277574.1
249861 229351 348438.3
195918 39517 297881.7
69826 104237 371665.5
149012 167880 320388.9
15155 98182 346600.5
39600 151224 324354.3
243148 236544 265179.3
201957 173289 247827.3
217197 38111 286130.4
45280 68326 232548.9
198524 162515 274034.4
170756 142335 289129.2
105812 94848 220620.3
25535 254731 362731.2
33887 49572 272402.7
105102 101366 311453.7
37448 215597 336098.4
14741 198985 356823.6
207256 138882 223097.1
138321 104969 317596.2
182586 252353 327388.2
214878 15561 381189.3
231606 16890 254977.8
52342 69806 345365.7
264344 232158 291260.4
263903 208413 332663.1
196717 54238 249903.6
187631 145177 214140.3
99670 104923 317346.0
52337 248933 242447.1
136668 29328 264481.8
32208 46776 365379.0
33127 250740 382207.2
232050 113901 360377.7
138588 157845 383911.8
200587 256573 288159.9
93963 26719 246300.9
218557 212364 384688.5
95433 41433 286550.7
228607 242539 313304.1
188455 120701 378944.7
25448 246125 361543.2
68573 38341 278300.4
44449 68490 267789.3
211530 222783 381961.5
214906 180000 340871.1
257526 4583 233761.2
52508 253108 365361.9
127986 76527 250700.1
60273 41613 334386.6
217696 74314 258478.8
246848 236814 356536.5
40519 103108 321073.8
196400 20275 309982.2
144652 43562 380873.4
39809 208314 380500.8
251263 228739 367320.3
133432 203859 251908.8
260014 229805 305660.4
109990 131815 329868.6
139934 213928 258369.0
142013 70149 369230.1
203938 130553 372063.3
133851 259877 258216.0
36496 58760 371306.4
31959 115980 263194.8
92771 33570 226806.9
248413 214930 364601.4
205969 149064 228166.8
124676 79604 380641.2
92057 99561 298283.1
132068 104194 267996.3
236106 245242 351880.8
247503 238323 292916.4
14344 213857 379032.9
70571 74008 262838.4
41041 136104 296297.7
163151 144426 234400.2
48331 196664 305037.6
217947 125853 269660.4
187394 44267 299492.7
67376 29377 344818.5
36378 233968 356961.3
104554 97799 297870.0
166744 251360 313797.3
122208 103468 362904.9
153566 205413 222184.5
34361 47551 309124.5
251104 206699 275226.9
38215 121900 238713.9
54703 144832 243374.1
53941 207062 264607.8
205465 251254 222917.1
224631 46123 253497.3
223859 101204 342678.3
216750 195811 269331.0
147714 203344 221062.2
189761 169704 320416.8
245637 209473 374556.3
226996 13311 274119.0
162219 181069 234591.9
88511 127609 316185.0
220357 63962 244091.4
134320 180128 331292.4
174413 190476 386098.8
122470 78129 378275.1
40542 253328 381599.7
186765 9444 382841.7
181462 241523 384598.5
126301 186574 305421.9
148647 218343 220824.6
27275 92111 330120.6
211129 222753 370898.7
134265 38274 339324.9
141006 212727 234203.1
49272 142624 227719.5
17155 144436 368645.1
201982 55654 306306.6
115754 34938 324944.7
147401 207592 212998.2
154378 149079 361734.0
55235 105714 248689.5
222094 205732 309057.9
153007 149964 360651.3
221515 125464 304101.6
145160 174241 317684.4
178184 202501 344319.0
61782 130694 320747.1
150790 54526 221679.6
31395 37332 319561.8
217979 90836 320478.0
124361 223100 263979.6
184421 246361 351324.6
230825 236878 348738.9
247130 310 289100.4
50861 35388 242457.0
43694 130136 253508.1
112523 127136 273855.3
172502 137951 286068.3
54850 118056 366265.5
45946 66783 226982.4
105365 140629 266731.8
104512 187160 273856.2
241949 263133 376615.5
208093 38975 367386.0
136631 223053 358374.3
129397 143077 286919.7
214754 45499 363317.1
250959 182586 336801.3
21220 230169 258342.0
31815 12091 261917.7
135524 247166 233370.6
123106 147005 348985.5
125179 77745 252862.8
50471 222279 321493.2
104574 94072 226689.0
13287 6916 236362.2
116544 121542 215877.3
35588 137700 379740.3
158609 200730 284115.3
247082 200293 270019.5
112769 115091 337866.9
101719 45091 223171.8
132423 223316 249856.8
32936 40308 352876.2
84498 78225 299421.6
218033 88263 259503.0
128463 109078 327208.2
11571 151538 364511.4
129241 146417 371300.1
143544 45669 352659.3
129958 113609 218601.6
148916 221245 233443.5
200928 17221 372223.5
83080 220503 386757.6
216109 65985 369051.0
16704 141058 359864.7
28011 38673 222874.8
244801 18129 383663.4
9840 41032 284026.2
20302 107133 248872.2
110209 187394 296753.1
163021 134290 292687.8
23772 140980 217699.8
137560 156334 377133.9
171802 188735 385846.8
138809 147073 353697.0
182779 141895 333461.4
205134 55245 331509.3
195876 161594 214277.1
218359 76942 327236.1
240253 29583 331835.1
51454 17686 266343.9
203950 159728 257522.1
121810 37050 258116.1
53514 11659 265480.8
224129 60282 272731.2
44340 118278 243699.9
173162 211396 312952.2
54324 151470 273612.3
20365 98446 313444.5
50671 137109 276630.9
134043 34231 273605.1
128749 63773 256414.2
179086 186660 289151.7
22240 250554 270345.3
40737 34103 310669.8
194741 15264 344160.6
85583 128939 386054.7
37715 188072 325203.0
143969 131080 300324.3
14693 46130 315501.0
214842 22719 296186.1
11192 22105 237343.2
55798 41986 300316.2
239482 254461 338614.8
210300 134017 230135.1
118225 131955 218484.6
29961 10441 251733.3
201197 247611 315731.4
103168 97234 217498.2
183985 196866 245625.0
3829 262905 230591.4
249186 17623 290930.1
108490 95057 276897.3
186676 170569 323547.0
10582 30154 254409.0
120631 64335 233619.0
197557 36520 319112.7
52496 101661 352379.4
138517 157848 357044.1
212179 141753 212857.8
218589 205570 369116.7
181467 14183 334975.2
50644 214350 246075.0
185822 210172 252342.6
18747 145743 382862.4
214925 157097 258590.4
140292 166577 315908.7
197319 17892 283244.1
134077 153013 355909.2
152558 142368 290642.1
31665 134443 277704.6
129061 56141 268388.7
9006 246227 304625.4
16560 109438 253599.9
127452 57772 274965.0
15119 227898 226459.5
214147 136704 257259.3
180666 145077 313585.8
216229 11639 383366.4
127773 29185 254238.9
230082 13842 266323.2
186495 121128 338286.3
131938 51280 254672.7
221511 73336 241818.9
171306 144807 274946.1
22134 190440 291789.6
240637 8894 370296.6
254450 816 307269.6
35127 34291 313164.6
133211 143852 317135.4
37464 122053 257582.4
93789 17746 214354.5
222456 126719 258661.5
10107 261182 349908.0
35239 102272 385937.7
246552 7691 383640.0
211930 147497 286938.6
112725 126919 258971.1
28572 144980 280926.6
103074 104384 270924.0
38498 189711 219194.7
199489 18863 314169.9
242326 236855 338894.7
124541 26884 375493.2
100349 131776 285837.0
48673 24024 278304.0
197432 217138 268674.9
99430 106988 266668.8
64039 102154 378614.4
39145 233592 352813.2
189280 242507 233208.6
54055 122870 288591.9
140926 212090 216594.6
253243 201066 214271.7
57050 117744 379399.2
68215 100827 234979.8
25746 44152 234400.2
150640 22969 293674.2
106460 25289 322223.1
168972 148169 326105.7
53894 63348 374820.0
173623 170824 248395.2
135469 198626 378278.7
22107 141696 337277.4
261217 259204 327917.4
215067 155771 227418.9
64046 38558 338788.5
109199 77469 367821.6
239375 235043 332905.2
57547 63027 274673.4
188680 36931 260303.1
254596 208873 265391.7
40213 141117 244886.1
233542 255290 370070.7
149609 136135 313083.6
137459 214012 223588.5
108610 230589 343010.4
31981 28103 311329.5
52388 103790 235639.5
103935 219880 386266.2
218451 149716 231519.3
11656 141783 313169.1
141729 216433 219651.9
160623 211655 242191.5
128761 215601 226327.2
219342 204477 329220.6
148266 131645 277363.5
35584 218341 313961.1
94558 9096 376765.8
249123 211192 346982.1
152302 137405 306069.0
52242 169988 366435.6
43553 25786 242593.8
175086 204891 312326.7
13307 145140 382090.2
16276 201160 381831.9
252596 201171 244452.3
213880 24190 302568.9
189828 153795 375398.7
215606 186477 240153.0
110274 56087 293855.1
19779 53110 244728.6
229753 32511 295339.2
138883 110018 356742.6
32237 13642 235108.5
151926 157707 378544.2
149616 137881 326589.0
149882 26443 323943.9
190374 174178 361009.5
53644 64129 348248.4
20759 141411 284161.2
142517 38474 279681.0
187502 180548 331501.2
44553 31401 327647.4
50943 201723 321021.6
66960 189721 385456.2
182384 166082 234115.8
36217 19523 231162.9
215306 74457 288574.8
7681 22780 229682.4
153490 145398 297994.2
147156 205384 275348.4
44918 97567 259001.7
196041 183413 239633.7
137915 175345 324028.5
190178 101537 348322.2
61213 130486 362910.3
135522 148746 262511.7
161720 52268 326271.3
149664 129893 306628.8
137605 109743 345983.1
199246 143395 256417.8
252161 144759 316978.8
207530 28496 332446.2
237940 263881 348656.1
130717 117122 366889.2
121773 38421 284314.2
162760 187319 280716.9
17328 26424 323976.3
76937 89023 335575.5
201653 144511 232843.2
2397 253094 253162.5
214116 248242 342858.3
137675 148132 356070.3
103576 145567 318992.1
25863 141931 285969.3
206460 252729 281697.9
197699 157901 367403.1
142863 103869 358101.6
147450 24369 290099.4
112657 193303 378029.4
176563 169640 273691.5
135398 247401 299158.8
110353 140444 360427.2
228052 26638 343498.2
17111 51070 224002.5
41070 72788 370129.2
23452 142013 284593.2
213936 249520 319236.9
32066 135359 370907.7
222293 65251 355833.6
103673 130812 232545.3
222224 194815 285260.1
94952 25562 373617.6
25209 232479 284705.7
140305 13157 371928.3
24526 148957 307717.8
132424 95384 325176.9
60365 116670 268971.9
96936 92071 330544.5
172560 197330 279354.3
198345 181634 216595.5
29599 11411 240546.3
74582 85047 359485.8
218243 44423 315711.6
217553 136332 320682.3
103869 127664 273497.1
11069 250072 289957.2
49278 216414 230779.5
102220 39532 342947.4
28912 41762 360992.4
239574 135740 370049.1
780 254871 340237.5
209580 134090 247406.1
216733 87434 370474.8
253584 866 308988.6
11040 55270 318239.7
69536 57875 343469.4
99610 127136 215797.2
185701 135965 277481.4
19722 226637 329875.8
218091 143741 245854.5
134247 109680 317735.7
186665 127047 284664.3
221177 203808 336650.1
246222 181435 342428.1
125420 15044 356352.0
150667 27248 239123.4
186518 123647 356918.1
206173 13891 300135.3
106787 27480 351890.7
230293 93873 364613.1
202311 38026 345529.5
253658 242633 317074.2
246282 212155 347312.4
140908 181708 282094.8
162491 139736 330649.8
188856 120959 375462.6
171417 137276 350329.2
143526 170749 294494.1
112530 51330 222061.2
37183 95968 322425.6
97285 71880 369526.2
12174 178969 373394.4
130627 190337 237842.7
10553 226662 262747.5
40718 140245 240705.6
252521 20365 333787.2
28977 199281 258930.6
48196 97336 227501.7
61825 82952 382906.5
220371 80748 338123.4
112218 196084 353724.9
27558 129091 321498.6
101148 39603 295098.0
222603 70749 270406.5
216638 67558 283302.6
256213 184227 369050.1
217076 101144 372764.4
73460 217735 323289.6
51604 253346 242192.4
96465 111653 276646.2
190477 39660 238084.8
115625 33803 294432.9
16932 105573 245624.1
249775 143683 382452.0
137854 19729 273266.7
13331 141293 313422.0
118423 128063 352169.7
75980 62311 242049.3
102349 47659 352468.5
78228 62076 246594.3
19261 45219 303895.5
30713 49323 376852.2
252440 230921 383530.2
222394 189046 342091.5
46909 66823 247389.0
205532 11555 353148.9
7398 37894 316262.4
212160 55021 304565.1
156103 207577 243060.0
129765 80088 375748.8
181780 249492 335661.0
209507 254466 289157.1
205922 198799 263914.8
13892 109801 248628.3
255989 51346 363494.4
246538 7218 379431.6
127311 150984 305489.4
28227 163369 378367.8
145317 127064 359176.2
11417 252057 300421.5
234398 30443 273245.1
200351 185298 260853.0
232448 26068 265686.9
169606 135389 337404.3
121892 61536 314147.4
209899 176236 214350.9
242353 163160 358594.8
120287 71521 304807.2
163779 249250 328651.8
17561 138705 318932.7
246901 1117 304035.9
14564 51449 298949.1
146398 24122 285554.4
154076 205139 250440.0
233805 20216 335236.2
199118 21220 276819.9
261513 2536 344471.1
102642 128077 280591.8
176083 206582 265579.8
10656 187568 286095.3
194532 241417 341350.8
78487 90695 316118.4
144849 130250 345588.9
242625 254695 311352.9
197822 49478 261919.5
200415 223009 378532.5
170819 198125 287272.5
22819 230604 267972.9
108528 190214 368763.0
55504 207436 252390.3
188655 129513 341681.1
94064 45571 247642.8
202142 33934 345422.4
145306 127804 369466.8
45646 71355 296891.7
77984 224931 355387.2
92953 24409 366662.4
53467 206384 356737.2
37517 11304 294336.6
71338 86196 304966.5
232740 29190 368426.4
195723 223833 271756.5
54442 201386 337710.3
134238 19200 220952.4
163691 255675 384585.9
261273 18735 278217.6
48639 21487 284666.1
142817 14175 291639.3
128889 55400 273887.7
179704 252397 345126.3
76215 82199 249234.0
95318 49256 357436.5
146091 39117 366360.9
31998 50986 362751.0
46732 204725 367194.3
11803 225692 382767.9
262676 247652 298074.3
39712 122930 243090.6
40497 96935 341401.2
147371 161341 288987.0
65596 125311 377619.0
113875 21317 237462.0
254385 206926 289510.8
32456 115391 285765.9
12479 200317 315202.2
139627 247460 291923.7
202408 248878 277050.3
73037 97331 359952.0
33648 38073 254346.0
230507 133054 362395.5
54444 145838 256022.7
131900 111470 332077.2
130246 51933 291300.9
197110 175343 298501.8
55084 209913 321986.4
158334 210949 241455.3
233175 20219 254586.3
222370 64411 317068.8
168012 186533 315981.6
124814 73574 316005.9
155728 133426 377410.2
216049 24421 340755.9
189201 245172 287884.5
20417 127405 333250.8
63361 87237 231099.0
22010 100307 363296.4
9864 29817 261119.4
225162 110173 327978.6
217000 204996 283840.8
171056 146906 303946.8
138065 240011 280202.1
203472 248566 331473.3
197710 7304 380627.7
188953 123074 370758.3
20789 200433 328184.7
12691 190524 314476.8
143391 13024 365708.4
243434 23835 377885.4
68518 57663 349283.4
49731 33996 225061.8
84817 91392 270905.1
173925 157706 261003.3
66768 88344 304863.0
212385 189668 276238.5
138798 26618 328488.0
31527 54807 379381.2
138284 169107 310705.8
8883 53064 358269.9
250557 189688 305040.3
234017 10973 291753.6
201856 254357 281046.3
242329 238507 287691.0
146904 37437 380066.1
43929 72692 380239.8
196375 49066 264148.8
21556 40823 251616.3
29215 139532 351996.9
162649 136400 250761.3
110785 123014 290689.8
218700 73973 370040.1
146953 208758 215186.1
56633 16861 270154.5
133215 213808 248427.6
212482 222062 371017.5
218605 47891 239092.8
65278 73003 219355.8
65837 220154 298521.6
201820 147430 313899.0
250061 206410 241584.9
70790 80466 278502.9
7579 26720 230049.6
82849 75698 222150.3
160801 210802 260448.0
249925 184278 293969.4
224599 73911 301944.3
220011 44849 314010.6
247665 12397 318112.8
238686 258502 255551.1
111586 264160 362213.7
2286 248960 365775.9
245411 226907 323834.1
195843 163343 215580.3
254265 195487 334285.8
71406 216350 233842.2
210294 25768 380522.4
176872 163527 230929.8
56994 64595 240423.9
197393 224604 351620.7
54654 149551 278669.4
196726 24065 255521.4
204361 48615 320241.3
48654 124443 250310.4
70336 39402 300015.6
42857 130953 214179.0
247623 236111 367697.4
231295 264090 315052.8
124151 40110 348926.1
53684 100379 286471.5
122036 77238 357305.1
139629 15119 370712.4
190362 184087 343053.6
184992 188883 314781.0
24795 146980 285223.2
214834 113227 322579.5
65695 81015 231270.0
148677 49601 325664.7
52618 143855 240169.2
107508 100039 328470.0
84479 89197 243964.5
101287 72704 315872.7
36609 60046 325857.3
37832 20073 259883.7
117413 70051 230757.9
207632 179883 321531.0
219933 42909 350719.8
166720 198116 257181.0
13073 40406 287988.0
189014 250385 226040.1
134041 10304 326615.1
250122 144126 360386.7
103635 8164 273371.1
142381 171600 301853.4
63421 48475 343626.0
18964 130584 255651.0
19857 244967 330235.8
60542 100999 269664.0
143306 154493 310042.5
206831 136978 217647.6
72067 37531 334991.4
243972 10217 328161.3
46958 72677 293355.6
47741 22743 268580.4
141477 27123 228718.5
154168 138631 332061.0
249779 40046 346548.3
123669 96203 233890.8
246826 142217 359586.6
110873 122748 294046.8
205406 253170 223502.1
220843 44620 339428.4
42600 119826 309614.1
163302 146689 228767.1
211206 160054 235377.6
126749 102884 240509.4
194540 107618 349011.6
212389 137317 271988.7
13189 186683 258695.7
47305 60166 267750.6
74499 82713 349893.6
115306 41943 279895.2
23420 138863 215128.5
235474 244826 300183.0
92565 22266 342938.4
112569 32104 218954.4
146143 25511 337796.7
71070 90918 284725.5
204937 175512 336515.1
97531 20664 375224.1
59576 126812 239751.6
137102 179108 235689.0
67612 186403 373146.0
148737 168932 292828.2
212437 195008 217432.5
140454 210101 223406.7
150957 12310 326361.3
53921 129315 242035.8
23198 45985 316562.1
175292 212123 229105.5
195991 165807 230385.3
38198 118232 299170.5
31326 38120 364609.5
198787 150828 291203.7
218822 42628 335803.2
59550 216764 358704.6
239737 134195 323272.5
255957 196898 346034.4
232217 135772 329172.0
188286 11014 237435.0
248479 20032 263784.3
253480 197462 240365.4
44179 9610 347883.0
145051 112635 369401.1
252677 56566 363426.9
48369 116873 281188.5
195869 223023 283263.0
8385 39459 312509.4
57453 69548 345264.9
26018 45962 279787.2
91764 132077 333198.6
10437 137255 273104.7
254266 21977 333753.0
134076 206933 236983.2
54560 21230 257223.3
78766 120979 231234.0
183366 188807 310022.7
31195 241255 213045.0
261538 10953 317099.4
194927 120057 381112.8
53632 41772 308643.9
8427 112187 218134.5
105822 127233 332917.8
123532 113455 362707.8
238480 247695 260532.6
134640 29530 364562.7
195512 180413 280643.1
70008 88944 292365.6
221064 73790 274755.3
209650 138194 265836.3
6556 44051 335452.2
21151 255686 329484.3
151291 181718 373167.6
21090 219075 386178.0
46886 63516 356182.8
44990 105375 248920.8
258369 235592 369708.0
81425 61820 368653.2
70221 190344 337066.8
93500 187400 385653.3
123493 64323 290461.2
189455 109262 358359.0
55157 17379 273471.9
230258 240627 217181.4
128280 24099 329546.4
50078 21105 235428.9
124985 222055 224733.3
182795 204826 268440.0
18450 229894 332413.8
34228 49856 325375.8
140184 181622 327218.1
163537 55567 335432.4
21882 92893 300186.6
45955 215240 236737.5
134552 147501 333045.6
106809 103679 261593.7
252908 145273 354764.4
199744 247552 305147.4
101588 189761 363477.3
201894 148492 311258.4
146405 53174 282072.3
177500 205454 296157.3
87627 77526 345795.9
190273 106340 295663.2
149486 194792 311071.2
129325 97111 267591.3
123759 108819 329549.1
39755 122919 242150.1
