28713 126446 341709.9
109688 56124 352045.4
210386 29426 375510.1
262063 2342 300778.8
136288 174906 353544.1
238884 245570 299754.0
13807 200803 288797.6
8847 244005 362166.0
144459 110784 374481.8
24235 256772 342853.0
218188 78567 335505.8
199855 14174 257865.3
189142 165156 323106.7
223184 141560 252830.2
27025 209433 361648.7
68521 75971 255416.7
147180 49425 296396.1
12601 39468 308914.9
179592 200136 260279.6
20304 19903 263595.5
223809 121547 260523.2
166892 151459 285459.3
123138 53984 279549.9
56641 42828 291825.1
259867 9486 375943.4
11398 40008 287668.5
220715 81299 381650.5
40103 106035 358120.7
84916 63968 357734.3
19247 198968 323785.0
207663 152965 274045.8
136705 152127 366758.7
160063 163363 255842.3
180581 252804 360107.3
25846 125244 318146.5
87231 68736 256071.2
38207 136905 369374.6
73841 68973 273947.1
218711 135537 352422.7
137890 2302 380298.1
114465 94114 297531.5
149199 28830 342540.1
128000 24071 340046.7
131748 81051 366492.0
81428 68733 358208.2
206976 21260 360179.4
129892 23705 373878.4
24377 38859 288584.8
107399 97957 300401.5
21940 36772 262911.6
33281 49598 382804.8
68213 73983 284650.8
178897 195394 266821.8
246673 198160 323696.1
126684 76157 363227.9
77030 86499 380068.5
178878 177461 289009.7
207471 104559 384061.3
104258 199704 375653.6
46105 149219 339812.2
161116 211961 261415.0
48819 222629 286516.3
230500 250871 352233.0
93777 38915 282723.7
49482 17121 317238.6
125465 94943 358665.3
22088 207447 371532.7
213920 160619 264558.0
161550 195717 266286.3
18152 108865 287532.0
35576 71588 385117.6
219619 186375 304299.8
133468 7350 340393.9
37401 106570 320975.2
22276 130055 361720.8
235571 134964 364928.9
149780 207075 256729.9
68134 90687 360415.3
154671 195727 324874.2
208368 179969 310825.9
133476 239920 287244.3
51131 15486 290712.8
7044 102421 278545.4
102218 36497 313105.8
53918 94536 338841.3
67295 42385 369399.8
156725 208122 291669.7
229107 103686 364472.5
86336 73610 308317.8
112848 43014 262067.4
183306 187453 337303.4
220535 122436 339005.1
126719 197288 363487.6
150254 218887 258732.6
143844 153296 358607.9
58415 45311 280675.5
211823 216017 378344.4
113419 46158 271610.5
125809 148351 359442.3
121530 29141 315683.2
201258 13522 330800.4
133556 261180 274033.9
246810 141043 359276.4
104657 143931 363042.4
101841 33660 357620.9
154664 207687 269948.7
50643 240705 341184.2
210858 249304 356424.6
170709 175987 257142.9
244474 13944 368666.2
185119 252061 346518.2
190573 166859 323306.9
190055 250389 342219.5
59807 102170 292039.3
14831 106080 262096.1
217418 74861 313847.1
247292 187483 374023.3
260120 231206 359659.3
52815 93187 363080.2
187572 41788 366271.5
146755 23554 345068.5
113112 204499 384216.7
233769 112883 355177.9
36307 23210 269775.1
173562 212274 302038.1
208906 188179 258430.9
23719 38470 285086.9
41717 51822 334004.3
23133 217319 384698.3
50504 23278 370678.7
138513 244105 386380.4
178599 172443 347704.7
102330 37182 301170.1
221572 39699 367073.7
165976 148275 317821.0
146023 224409 325686.9
202272 159682 320289.9
202137 132162 360985.1
39698 222741 293671.0
217928 53047 303173.5
222503 49596 258603.8
148592 215458 293309.1
22738 190383 286800.5
144967 187895 278282.9
150007 126713 386336.3
20423 69973 386387.4
78304 116557 365021.3
29230 97941 340036.2
53143 223926 303881.2
111756 123261 359608.9
68225 37533 324848.3
53888 20858 276238.2
140472 127143 345411.5
139635 216950 350539.7
206860 215191 334116.3
144361 156282 368438.0
127954 49940 312165.7
190817 171317 362040.0
9446 135244 311892.7
51942 21711 254825.2
70529 119547 268822.4
150589 264340 362044.9
13307 252782 341410.3
256763 201134 334012.0
194568 174452 345940.0
227170 113449 278307.4
182442 251822 379372.7
17693 249089 307639.5
134605 184827 321146.0
120790 35619 320401.2
30019 17935 264093.9
137974 146080 280897.4
253373 176389 355791.1
115475 190859 262355.8
174213 144330 310488.5
235298 24960 360971.8
140814 222059 295798.3
249464 7970 375587.1
23066 107620 251501.6
166246 253640 325656.8
108262 131230 374628.8
157736 213453 258363.7
151282 205918 264902.4
258654 189178 344275.4
111657 199004 367813.6
195031 104738 303563.4
233140 32876 317347.1
15175 133940 336069.3
112691 101587 317569.0
143770 182818 326251.8
24288 210787 337699.6
254466 33868 377750.1
65927 220725 294090.3
47071 63650 362764.5
111345 99777 338877.0
50200 133078 351169.0
104418 204227 370792.8
262693 5911 254805.6
43808 141109 358091.3
39208 218281 301860.3
249861 229351 356976.9
195918 39517 317655.1
69826 104237 375042.5
149012 167880 335160.7
15155 98182 355547.5
39600 151224 338244.9
243148 236544 292219.9
201957 173289 278723.9
217197 38111 308515.2
45280 68326 266840.7
198524 162515 299107.2
170756 142335 310847.6
105812 94848 257562.9
25535 254731 368093.6
33887 49572 297838.1
105102 101366 328211.1
37448 215597 347379.2
14741 198985 363498.8
207256 138882 259489.3
138321 104969 332988.6
182586 252353 340604.6
214878 15561 382449.9
231606 16890 284285.4
52342 69806 354587.1
264344 232158 312505.2
263903 208413 344707.3
196717 54238 280338.8
187631 145177 252522.9
99670 104923 332794.0
52337 248933 274539.3
136668 29328 291677.4
32208 46776 370153.0
33127 250740 383241.6
232050 113901 366263.1
138588 157845 384567.4
200587 256573 310093.7
93963 26719 277536.7
218557 212364 385171.5
95433 41433 308842.1
228607 242539 329650.3
188455 120701 380704.1
25448 246125 367169.6
68573 38341 302425.2
44449 68490 294249.9
211530 222783 383050.5
214906 180000 351091.3
257526 4583 267783.6
52508 253108 370139.7
127986 76527 280958.3
60273 41613 346047.8
217696 74314 287008.4
246848 236814 363275.5
40519 103108 335693.4
196400 20275 327066.6
144652 43562 382204.2
39809 208314 381914.4
251263 228739 371662.9
133432 203859 281898.4
260014 229805 323705.2
109990 131815 342533.8
139934 213928 286923.0
142013 70149 373148.3
203938 130553 375351.9
133851 259877 286804.0
36496 58760 374763.2
31959 115980 290676.4
92771 33570 262374.7
248413 214930 369548.2
205969 149064 263432.4
124676 79604 382023.6
92057 99561 317967.3
132068 104194 294410.9
236106 245242 359654.4
247503 238323 313793.2
14344 213857 380772.7
70571 74008 290399.2
41041 136104 316423.1
163151 144426 268280.6
48331 196664 323220.8
217947 125853 295705.2
187394 44267 318908.1
67376 29377 354161.5
36378 233968 363605.9
104554 97799 317646.0
166744 251360 330033.9
122208 103468 368228.7
153566 205413 258779.5
34361 47551 326399.5
251104 206699 300034.7
38215 121900 271635.7
54703 144832 275260.3
53941 207062 291775.4
205465 251254 259349.3
224631 46123 283133.9
223859 101204 352496.9
216750 195811 295449.0
147714 203344 257906.6
189761 169704 335182.4
245637 209473 377290.9
226996 13311 299173.0
162219 181069 268429.7
88511 127609 331891.0
220357 63962 275818.2
134320 180128 343641.2
174413 190476 386268.4
122470 78129 380183.3
40542 253328 382769.1
186765 9444 383735.1
181462 241523 385101.5
126301 186574 323519.7
148647 218343 257721.8
27275 92111 342729.8
211129 222753 374446.1
134265 38274 349888.7
141006 212727 268127.3
49272 142624 263084.5
17155 144436 372693.3
201982 55654 324207.8
115754 34938 338704.1
147401 207592 251634.6
154378 149079 367318.0
55235 105714 279394.5
222094 205732 326347.7
153007 149964 366475.9
221515 125464 322492.8
145160 174241 333057.2
178184 202501 353773.0
61782 130694 335439.3
150790 54526 258386.8
31395 37332 334517.4
217979 90836 335230.0
124361 223100 291286.8
184421 246361 359221.8
230825 236878 357210.7
247130 310 310825.2
50861 35388 274547.0
43694 130136 283142.3
112523 127136 298967.9
172502 137951 308466.9
54850 118056 370842.5
45946 66783 262511.2
105365 140629 293427.4
104512 187160 298968.6
241949 263133 378892.5
208093 38975 371714.0
136631 223053 364704.9
129397 143077 309129.1
214754 45499 368549.3
250959 182586 347925.9
21220 230169 286902.0
31815 12091 289683.1
135524 247166 267479.8
123106 147005 357402.5
125179 77745 282640.4
50471 222279 336019.6
104574 94072 262283.0
13287 6916 269806.6
116544 121542 253873.9
35588 137700 381322.9
158609 200730 306947.9
247082 200293 295984.5
112769 115091 348754.7
101719 45091 259547.4
132423 223316 280302.4
32936 40308 360428.6
84498 78225 318852.8
218033 88263 287805.0
128463 109078 340464.6
11571 151538 369478.2
129241 146417 374758.3
143544 45669 360259.9
129958 113609 255992.8
148916 221245 267536.5
200928 17221 375476.5
83080 220503 386780.8
216109 65985 373009.0
16704 141058 365864.1
28011 38673 259316.4
244801 18129 384374.2
9840 41032 306878.6
20302 107133 279536.6
110209 187394 316777.3
163021 134290 313615.4
23772 140980 255291.4
137560 156334 379295.7
171802 188735 386072.4
138809 147073 361067.0
182779 141895 345328.2
205134 55245 343809.9
195876 161594 252629.3
218359 76942 340486.3
240253 29583 344063.3
51454 17686 293125.7
203950 159728 286264.3
121810 37050 286726.3
53514 11659 292454.4
224129 60282 298093.6
44340 118278 275513.7
173162 211396 329376.6
54324 151470 298778.9
20365 98446 329759.5
50671 137109 301126.7
134043 34231 298773.3
128749 63773 285402.6
179086 186660 310865.1
22240 250554 296237.9
40737 34103 327601.4
194741 15264 353649.8
85583 128939 386234.1
37715 188072 338905.0
143969 131080 319554.9
14693 46130 331359.0
214842 22719 316336.3
11192 22105 270569.6
55798 41986 319548.6
239482 254461 349336.4
210300 134017 264963.3
118225 131955 255901.8
29961 10441 281761.9
201197 247611 331538.2
103168 97234 255134.6
183985 196866 277011.0
3829 262905 265318.2
249186 17623 312248.3
108490 95057 301333.9
186676 170569 337617.0
10582 30154 283843.0
120631 64335 267673.0
197557 36520 334168.1
52496 101661 360042.2
138517 157848 363670.3
212179 141753 251525.4
218589 205570 373060.1
181467 14183 346505.6
50644 214350 277361.0
185822 210172 282235.8
18747 145743 383751.2
214925 157097 287095.2
140292 166577 331676.1
197319 17892 306270.3
134077 153013 362787.6
152558 142368 312024.3
31665 134443 301961.8
129061 56141 294716.1
9006 246227 322900.2
16560 109438 283213.7
127452 57772 299831.0
15119 227898 262104.5
214147 136704 286059.9
180666 145077 329869.4
216229 11639 384143.2
127773 29185 283710.7
230082 13842 293109.6
186495 121128 349080.9
131938 51280 284048.1
221511 73336 274050.7
171306 144807 299816.3
22134 190440 312916.8
240637 8894 373977.8
254450 816 324956.8
35127 34291 329541.8
133211 143852 332630.2
37464 122053 286311.2
93789 17746 252689.5
222456 126719 287150.5
10107 261182 358120.0
35239 102272 386143.1
246552 7691 384356.0
211930 147497 309143.8
112725 126919 287391.3
28572 144980 304467.8
103074 104384 296688.0
38498 189711 256454.1
199489 18863 330323.7
242326 236855 349554.1
124541 26884 378019.6
100349 131776 308287.0
48673 24024 302428.0
197432 217138 294938.7
99430 106988 293378.4
64039 102154 380447.2
39145 233592 360379.6
189280 242507 267353.8
54055 122870 310429.7
140926 212090 254431.8
253243 201066 252625.1
57050 117744 381057.6
68215 100827 268731.4
25746 44152 268280.6
150640 22969 314382.6
106460 25289 336587.3
168972 148169 339607.1
53894 63348 377496.0
173623 170824 279165.6
135469 198626 380186.1
22107 141696 348296.2
261217 259204 341016.2
215067 155771 262850.7
64046 38558 349471.5
109199 77469 372052.8
239375 235043 344895.6
57547 63027 299604.2
188680 36931 288427.3
254596 208873 292385.1
40213 141117 276436.3
233542 255290 373802.1
149609 136135 329478.8
137459 214012 259871.5
108610 230589 352755.2
31981 28103 328114.5
52388 103790 269244.5
103935 219880 386398.6
218451 149716 266039.9
11656 141783 329545.3
141729 216433 256809.7
160623 211655 274340.5
128761 215601 262001.6
219342 204477 342029.8
148266 131645 301696.5
35584 218341 330161.3
94558 9096 379009.4
249123 211192 355844.3
152302 137405 324023.0
52242 169988 370974.8
43553 25786 274653.4
175086 204891 328890.1
13307 145140 383150.6
16276 201160 382949.7
252596 201171 276098.9
213880 24190 321300.7
189828 153795 377946.1
215606 186477 272755.0
110274 56087 314523.3
19779 53110 276313.8
229753 32511 315677.6
138883 110018 363435.8
32237 13642 268831.5
151926 157707 380392.6
149616 137881 339983.0
149882 26443 337925.7
190374 174178 366754.5
53644 64129 356829.2
20759 141411 306983.6
142517 38474 303499.0
187502 180548 343803.6
44553 31401 340806.2
50943 201723 335652.8
66960 189721 385768.6
182384 166082 268059.4
36217 19523 265762.7
215306 74457 310416.4
7681 22780 264611.2
153490 145398 317742.6
147156 205384 300129.2
44918 97567 287415.1
196041 183413 272351.1
137915 175345 337991.5
190178 101537 356886.6
61213 130486 368232.9
135522 148746 290145.1
161720 52268 339735.9
149664 129893 324458.4
137605 109743 355067.3
199246 143395 285405.4
252161 144759 332508.4
207530 28496 344538.6
237940 263881 357146.3
130717 117122 371327.6
121773 38421 307102.6
162760 187319 304304.7
17328 26424 337950.9
76937 89023 346972.5
201653 144511 267069.6
2397 253094 282873.5
214116 248242 352636.9
137675 148132 362912.9
103576 145567 334074.3
25863 141931 308389.9
206460 252729 305067.7
197699 157901 371727.3
142863 103869 364492.8
147450 24369 311602.2
112657 193303 379992.2
176563 169640 298840.5
135398 247401 318648.4
110353 140444 366301.6
228052 26638 353134.6
17111 51070 260193.5
41070 72788 373847.6
23452 142013 307319.6
213936 249520 334264.7
32066 135359 374453.1
222293 65251 362728.8
103673 130812 266837.9
222224 194815 307838.3
94952 25562 376560.8
25209 232479 307407.1
140305 13157 375246.9
24526 148957 325305.4
132424 95384 338884.7
60365 116670 295169.7
96936 92071 343059.5
172560 197330 303244.9
198345 181634 254432.5
29599 11411 273060.9
74582 85047 365569.4
218243 44423 331522.8
217553 136332 335388.9
103869 127664 298689.3
11069 250072 311491.6
49278 216414 265464.5
102220 39532 352706.2
28912 41762 366741.2
239574 135740 373785.3
780 254871 350598.5
209580 134090 278396.3
216733 87434 374116.4
253584 866 326293.8
11040 55270 333489.1
69536 57875 353112.2
99610 127136 253811.6
185701 135965 301788.2
19722 226637 342539.4
218091 143741 277189.5
134247 109680 333097.1
186665 127047 307374.9
221177 203808 347808.3
246222 181435 352302.3
125420 15044 363132.0
150667 27248 271954.2
186518 123647 363572.3
206173 13891 319407.9
106787 27480 359662.1
230293 93873 369557.3
202311 38026 354714.5
253658 242633 332582.6
246282 212155 356101.2
140908 181708 305376.4
162491 139736 343141.4
188856 120959 377995.8
171417 137276 358447.6
143526 170749 315020.3
112530 51330 258683.6
37183 95968 336744.8
97285 71880 373378.6
12174 178969 376387.2
130627 190337 270958.1
10553 226662 290328.5
40718 140245 273184.8
252521 20365 345581.6
28977 199281 287359.8
48196 97336 262915.1
61825 82952 383785.5
220371 80748 348954.2
112218 196084 361088.7
27558 129091 336023.8
101148 39603 315490.0
222603 70749 296285.5
216638 67558 306315.8
256213 184227 373008.3
217076 101144 375897.2
73460 217735 337416.8
51604 253346 274341.2
96465 111653 301138.6
190477 39660 271146.4
115625 33803 314972.7
16932 105573 277010.3
249775 143683 383432.0
137854 19729 298510.1
13331 141293 329742.0
118423 128063 359879.1
75980 62311 274229.9
102349 47659 360111.5
78228 62076 277764.9
19261 45219 322332.5
30713 49323 379076.6
252440 230921 384270.6
222394 189046 352040.5
46909 66823 278383.0
205532 11555 360640.7
7398 37894 331951.2
212160 55021 322853.3
156103 207577 275016.0
129765 80088 378218.4
181780 249492 347039.0
209507 254466 310869.3
205922 198799 291236.4
13892 109801 279346.9
255989 51346 368687.2
246538 7218 381082.8
127311 150984 323572.2
28227 163369 380255.4
145317 127064 365328.6
11417 252057 319630.5
234398 30443 298493.3
200351 185298 288855.0
232448 26068 292614.7
169606 135389 348394.9
121892 61536 330306.2
209899 176236 252686.7
242353 163160 364876.4
120287 71521 323041.6
163779 249250 341587.4
17561 138705 334028.1
246901 1117 322441.7
14564 51449 318485.3
146398 24122 308067.2
154076 205139 280756.0
233805 20216 346708.6
199118 21220 301273.7
261513 2536 353891.3
102642 128077 304207.4
176083 206582 292531.4
10656 187568 308487.9
194532 241417 351464.4
78487 90695 331839.2
144849 130250 354760.7
242625 254695 328132.7
197822 49478 289684.5
200415 223009 380383.5
170819 198125 309403.5
22819 230604 294392.7
108528 190214 372785.0
55504 207436 282272.9
188655 129513 351721.3
94064 45571 278580.4
202142 33934 354631.2
145306 127804 373332.4
45646 71355 316885.1
77984 224931 362381.6
92953 24409 371151.2
53467 206384 363431.6
37517 11304 314897.8
71338 86196 323165.5
232740 29190 372523.2
195723 223833 297335.5
54442 201386 348632.9
134238 19200 257821.2
163691 255675 385091.7
261273 18735 302360.8
48639 21487 307376.3
142817 14175 312799.9
128889 55400 298993.1
179704 252397 354400.9
76215 82199 279818.0
95318 49256 363975.5
146091 39117 370916.7
31998 50986 368109.0
46732 204725 371564.9
11803 225692 383677.7
262676 247652 317804.9
39712 122930 275039.8
40497 96935 351503.6
147371 161341 310737.0
65596 125311 379673.0
113875 21317 270662.0
254385 206926 311144.4
32456 115391 308231.7
12479 200317 331126.6
139627 247460 313021.1
202408 248878 301452.9
73037 97331 365932.0
33648 38073 283794.0
230507 133054 367832.5
54444 145838 285098.1
131900 111470 344251.6
130246 51933 312536.7
197110 175343 318137.4
55084 209913 336403.2
158334 210949 273767.9
233175 20219 283980.9
222370 64411 332578.4
168012 186533 331732.8
124814 73574 331751.7
155728 133426 379510.6
216049 24421 351001.7
189201 245172 309879.5
20417 127405 345164.4
63361 87237 265713.0
22010 100307 368533.2
9864 29817 289062.2
225162 110173 341063.8
217000 204996 306734.4
171056 146906 322372.4
138065 240011 303904.3
203472 248566 343781.9
197710 7304 382013.1
188953 123074 374336.9
20789 200433 341224.1
12691 190524 330562.4
143391 13024 370409.2
243434 23835 379880.2
68518 57663 357634.2
49731 33996 261017.4
84817 91392 296673.3
173925 157706 288971.9
66768 88344 323085.0
212385 189668 300821.5
138798 26618 341460.0
31527 54807 381043.6
138284 169107 327629.4
8883 53064 364623.7
250557 189688 323222.9
234017 10973 312888.8
201856 254357 304560.9
242329 238507 309729.0
146904 37437 381576.3
43929 72692 381711.4
196375 49066 291418.4
21556 40823 281670.9
29215 139532 359744.7
162649 136400 281005.9
110785 123014 312061.4
218700 73973 373778.3
146953 208758 253336.3
56633 16861 296089.5
133215 213808 279190.8
212482 222062 374538.5
218605 47891 271930.4
65278 73003 256579.4
65837 220154 318152.8
201820 147430 330113.0
250061 206410 273868.7
70790 80466 302582.7
7579 26720 264896.8
82849 75698 258752.9
160801 210802 288540.0
249925 184278 314612.2
224599 73911 320814.9
220011 44849 330199.8
247665 12397 333390.4
238686 258502 284731.3
111586 264160 367691.1
2286 248960 370461.7
245411 226907 337840.3
195843 163343 253642.9
254265 195487 345969.4
71406 216350 267846.6
210294 25768 381931.2
176872 163527 265581.4
56994 64595 272965.7
197393 224604 359452.1
54654 149551 302712.2
196726 24065 284708.2
204361 48615 335045.9
48654 124443 280655.2
70336 39402 319314.8
42857 130953 252553.0
247623 236111 371956.2
231295 264090 331010.4
124151 40110 357356.3
53684 100379 308780.5
122036 77238 363873.3
139629 15119 374301.2
190362 184087 352788.8
184992 188883 330799.0
24795 146980 307809.6
214834 113227 336864.5
65695 81015 265846.0
148677 49601 339264.1
52618 143855 272767.6
107508 100039 341446.0
84479 89197 275719.5
101287 72704 331648.1
36609 60046 339413.9
37832 20073 288101.1
117413 70051 265447.7
207632 179883 336049.0
219933 42909 358751.4
166720 198116 285999.0
13073 40406 309960.0
189014 250385 261778.3
134041 10304 340003.3
250122 144126 366270.1
103635 8164 298591.3
142381 171600 320744.2
63421 48475 353234.0
18964 130584 284809.0
19857 244967 342819.4
60542 100999 295708.0
143306 154493 327113.5
206831 136978 255250.8
72067 37531 346518.2
243972 10217 341205.9
46958 72677 314134.8
47741 22743 294865.2
141477 27123 263861.5
154168 138631 344239.0
249779 40046 355506.9
123669 96203 267884.4
246826 142217 365647.8
110873 122748 314672.4
205406 253170 259804.3
220843 44620 349969.2
42600 119826 326780.3
163302 146689 263899.3
211206 160054 269040.8
126749 102884 273032.2
194540 107618 357422.8
212389 137317 297516.1
13189 186683 287177.1
47305 60166 294219.8
74499 82713 358108.8
115306 41943 303665.6
23420 138863 253291.5
235474 244826 319445.0
92565 22266 352699.2
112569 32104 256267.2
146143 25511 348700.1
71070 90918 307422.5
204937 175512 347703.3
97531 20664 377810.3
59576 126812 272442.8
137102 179108 269283.0
67612 186403 376194.0
148737 168932 313724.6
212437 195008 255083.5
140454 210101 259730.1
150957 12310 339805.9
53921 129315 274219.4
23198 45985 332184.3
175292 212123 264162.5
195991 165807 265157.9
38198 118232 318657.5
31326 38120 369554.5
198787 150828 312461.1
218822 42628 347149.6
59550 216764 364961.8
239737 134195 337403.5
255957 196898 355107.2
232217 135772 341992.0
188286 11014 270641.0
248479 20032 291134.9
253480 197462 272920.2
44179 9610 356545.0
145051 112635 373281.3
252677 56566 368634.7
48369 116873 304671.5
195869 223023 306285.0
8385 39459 329032.2
57453 69548 354508.7
26018 45962 303581.6
91764 132077 345123.8
10437 137255 298384.1
254266 21977 345555.0
134076 206933 270289.6
54560 21230 286031.9
78766 120979 265818.0
183366 188807 327098.1
31195 241255 251671.0
261538 10953 332602.2
194927 120057 382390.4
53632 41772 326025.7
8427 112187 255629.5
105822 127233 344905.4
123532 113455 368075.4
238480 247695 288605.8
134640 29530 369518.1
195512 180413 304247.3
70008 88944 313364.8
221064 73790 299667.9
209650 138194 292730.9
6556 44051 346876.6
21151 255686 342234.9
151291 181718 376210.8
21090 219075 386330.0
46886 63516 363000.4
44990 105375 279574.4
258369 235592 373520.0
81425 61820 372699.6
70221 190344 348132.4
93500 187400 385921.9
123493 64323 311883.6
189455 109262 364693.0
55157 17379 298669.7
230258 240627 254888.2
128280 24099 342283.2
50078 21105 269080.7
124985 222055 260761.9
182795 204826 294756.0
18450 229894 344513.4
34228 49856 339039.4
140184 181622 340472.3
163537 55567 346861.2
21882 92893 319447.8
45955 215240 270098.5
134552 147501 345004.8
106809 103679 289431.1
252908 145273 361897.2
199744 247552 323306.2
101588 189761 368673.9
201894 148492 328059.2
146405 53174 305358.9
177500 205454 316313.9
87627 77526 354921.7
190273 106340 315929.6
149486 194792 327913.6
129325 97111 294095.9
123759 108819 342285.3
39755 122919 274308.3
