28713 126446 367511.1
109688 56124 371940.6
210386 29426 381996.9
262063 2342 349969.2
136288 174906 372582.9
238884 245570 349530.0
13807 200803 344834.4
8847 244005 376278.0
144459 110784 381556.2
24235 256772 368001.0
218188 78567 364852.2
199855 14174 331577.7
189142 165156 359538.3
223184 141560 329419.8
27025 209433 376056.3
68521 75971 330528.3
147180 49425 348090.9
12601 39468 353456.1
179592 200136 332612.4
20304 19903 334033.5
223809 121547 332716.8
166892 151459 343403.7
123138 53984 340871.1
56641 42828 346131.9
259867 9486 382182.6
11398 40008 344350.5
220715 81299 384628.5
40103 106035 374544.3
84916 63968 374378.7
19247 198968 359829.0
207663 152965 338512.2
136705 152127 378246.3
160063 163363 330710.7
180581 252804 375395.7
25846 125244 357412.5
87231 68736 330808.8
38207 136905 379367.4
73841 68973 338469.9
218711 135537 372102.3
137890 2302 384048.9
114465 94114 348577.5
149199 28830 367866.9
128000 24071 366798.3
131748 81051 378132.0
81428 68733 374581.8
206976 21260 375426.6
129892 23705 381297.6
24377 38859 344743.2
107399 97957 349807.5
21940 36772 333740.4
33281 49598 385123.2
68213 73983 343057.2
178897 195394 335416.2
246673 198160 359790.9
126684 76157 376733.1
77030 86499 383950.5
178878 177461 344925.3
207471 104559 385661.7
104258 199704 382058.4
46105 149219 366697.8
161116 211961 333099.0
48819 222629 343856.7
230500 250871 372021.0
93777 38915 342231.3
49482 17121 357023.4
125465 94943 374777.7
22088 207447 380292.3
213920 160619 334446.0
161550 195717 335186.7
18152 108865 344292.0
35576 71588 386114.4
219619 186375 351478.2
133468 7350 366947.1
37401 106570 358624.8
22276 130055 376087.2
235571 134964 377462.1
149780 207075 331091.1
68134 90687 375527.7
154671 195727 360295.8
208368 179969 354275.1
133476 239920 344168.7
51131 15486 345655.2
7044 102421 340440.6
102218 36497 355252.2
53918 94536 366281.7
67295 42385 379378.2
156725 208122 346065.3
229107 103686 377266.5
86336 73610 353200.2
112848 43014 333378.6
183306 187453 365622.6
220535 122436 366351.9
126719 197288 376844.4
150254 218887 331949.4
143844 153296 374753.1
58415 45311 341353.5
211823 216017 383211.6
113419 46158 337468.5
125809 148351 375110.7
121530 29141 356356.8
201258 13522 362835.6
133556 261180 338507.1
246810 141043 375039.6
104657 143931 376653.6
101841 33660 374330.1
154664 207687 336756.3
50643 240705 367285.8
210858 249304 373817.4
170709 175987 331268.1
244474 13944 379063.8
185119 252061 369571.8
190573 166859 359624.1
190055 250389 367729.5
59807 102170 346223.7
14831 106080 333390.9
217418 74861 355569.9
247292 187483 381359.7
260120 231206 375203.7
52815 93187 376669.8
187572 41788 378037.5
146755 23554 368950.5
113112 204499 385728.3
233769 112883 373283.1
36307 23210 336681.9
173562 212274 350508.9
208906 188179 331820.1
23719 38470 343244.1
41717 51822 364208.7
23133 217319 385934.7
50504 23278 379926.3
138513 244105 386655.6
178599 172443 370080.3
102330 37182 350136.9
221572 39699 378381.3
165976 148275 357273.0
146023 224409 360644.1
202272 159682 358331.1
202137 132162 375771.9
39698 222741 346923.0
217928 53047 350995.5
222503 49596 331894.2
148592 215458 346767.9
22738 190383 343978.5
144967 187895 340328.1
150007 126713 386636.7
20423 69973 386658.6
78304 116557 377501.7
29230 97941 366793.8
53143 223926 351298.8
111756 123261 375182.1
68225 37533 360284.7
53888 20858 339451.8
140472 127143 369097.5
139635 216950 371295.3
206860 215191 364256.7
144361 156282 378966.0
127954 49940 354849.3
190817 171317 376224.0
9446 135244 354732.3
51942 21711 330274.8
70529 119547 336273.6
150589 264340 376226.1
13307 252782 367382.7
256763 201134 364212.0
194568 174452 369324.0
227170 113449 340338.6
182442 251822 383652.3
17693 249089 352909.5
134605 184827 358698.0
120790 35619 358378.8
30019 17935 334247.1
137974 146080 341448.6
253373 176389 373545.9
115475 190859 333502.2
174213 144330 354130.5
235298 24960 375766.2
140814 222059 347834.7
249464 7970 382029.9
23066 107620 328850.4
166246 253640 360631.2
108262 131230 381619.2
157736 213453 331791.3
151282 205918 334593.6
258654 189178 368610.6
111657 199004 378698.4
195031 104738 351162.6
233140 32876 357069.9
15175 133940 365093.7
112691 101587 357165.0
143770 182818 360886.2
24288 210787 365792.4
254466 33868 382956.9
65927 220725 347102.7
47071 63650 376534.5
111345 99777 366297.0
50200 133078 371565.0
104418 204227 379975.2
262693 5911 330266.4
43808 141109 374531.7
39208 218281 350432.7
249861 229351 374054.1
195918 39517 357201.9
69826 104237 381796.5
149012 167880 364704.3
15155 98182 373441.5
39600 151224 366026.1
243148 236544 346301.1
201957 173289 340517.1
217197 38111 353284.8
45280 68326 335424.3
198524 162515 349252.8
170756 142335 354284.4
105812 94848 331448.1
25535 254731 378818.4
33887 49572 348708.9
105102 101366 361725.9
37448 215597 369940.8
14741 198985 376849.2
207256 138882 332273.7
138321 104969 363773.4
182586 252353 367037.4
214878 15561 384971.1
231606 16890 342900.6
52342 69806 373029.9
264344 232158 354994.8
263903 208413 368795.7
196717 54238 341209.2
187631 145177 329288.1
99670 104923 363690.0
52337 248933 338723.7
136668 29328 346068.6
32208 46776 379701.0
33127 250740 385310.4
232050 113901 378033.9
138588 157845 385878.6
200587 256573 353961.3
93963 26719 340008.3
218557 212364 386137.5
95433 41433 353424.9
228607 242539 362342.7
188455 120701 384222.9
25448 246125 378422.4
68573 38341 350674.8
44449 68490 347171.1
211530 222783 385228.5
214906 180000 371531.7
257526 4583 335828.4
52508 253108 379695.3
127986 76527 341474.7
60273 41613 369370.2
217696 74314 344067.6
246848 236814 376753.5
40519 103108 364932.6
196400 20275 361235.4
144652 43562 384865.8
39809 208314 384741.6
251263 228739 380348.1
133432 203859 341877.6
260014 229805 359794.8
109990 131815 367864.2
139934 213928 344031.0
142013 70149 380984.7
203938 130553 381929.1
133851 259877 343980.0
36496 58760 381676.8
31959 115980 345639.6
92771 33570 333510.3
248413 214930 379441.8
205969 149064 333963.6
124676 79604 384788.4
92057 99561 357335.7
132068 104194 347240.1
236106 245242 375201.6
247503 238323 355546.8
14344 213857 384252.3
70571 74008 345520.8
41041 136104 356673.9
163151 144426 336041.4
48331 196664 359587.2
217947 125853 347794.8
187394 44267 357738.9
67376 29377 372847.5
36378 233968 376895.1
104554 97799 357198.0
166744 251360 362507.1
122208 103468 378876.3
153566 205413 331969.5
34361 47551 360949.5
251104 206699 349650.3
38215 121900 337479.3
54703 144832 339032.7
53941 207062 346110.6
205465 251254 332213.7
224631 46123 342407.1
223859 101204 372134.1
216750 195811 347685.0
147714 203344 331595.4
189761 169704 364713.6
245637 209473 382760.1
226996 13311 349281.0
162219 181069 336105.3
88511 127609 363303.0
220357 63962 339271.8
134320 180128 368338.8
174413 190476 386607.6
122470 78129 383999.7
40542 253328 385107.9
186765 9444 385521.9
181462 241523 386107.5
126301 186574 359715.3
148647 218343 331516.2
27275 92111 367948.2
211129 222753 381540.9
134265 38274 371016.3
141006 212727 335975.7
49272 142624 333814.5
17155 144436 380789.7
201982 55654 360010.2
115754 34938 366222.9
147401 207592 328907.4
154378 149079 378486.0
55235 105714 340804.5
222094 205732 360927.3
153007 149964 378125.1
221515 125464 359275.2
145160 174241 363802.8
178184 202501 372681.0
61782 130694 364823.7
150790 54526 331801.2
31395 37332 364428.6
217979 90836 364734.0
124361 223100 345901.2
184421 246361 375016.2
230825 236878 374154.3
247130 310 354274.8
50861 35388 338727.0
43694 130136 342410.7
112523 127136 349193.1
172502 137951 353264.1
54850 118056 379996.5
45946 66783 333568.8
105365 140629 346818.6
104512 187160 349193.4
241949 263133 383446.5
208093 38975 380370.0
136631 223053 377366.1
129397 143077 353547.9
214754 45499 379013.7
250959 182586 370175.1
21220 230169 344022.0
31815 12091 345213.9
135524 247166 335698.2
123106 147005 374236.5
125179 77745 342195.6
50471 222279 365072.4
104574 94072 333471.0
13287 6916 336695.4
116544 121542 329867.1
35588 137700 384488.1
158609 200730 352613.1
247082 200293 347914.5
112769 115091 370530.3
101719 45091 332298.6
132423 223316 341193.6
32936 40308 375533.4
84498 78225 357715.2
218033 88263 344409.0
128463 109078 366977.4
11571 151538 379411.8
129241 146417 381674.7
143544 45669 375461.1
129958 113609 330775.2
148916 221245 335722.5
200928 17221 381982.5
83080 220503 386827.2
216109 65985 380925.0
16704 141058 377862.9
28011 38673 332199.6
244801 18129 385795.8
9840 41032 352583.4
20302 107133 340865.4
110209 187394 356825.7
163021 134290 355470.6
23772 140980 330474.6
137560 156334 383619.3
171802 188735 386523.6
138809 147073 375807.0
182779 141895 369061.8
205134 55245 368411.1
195876 161594 329333.7
218359 76942 366986.7
240253 29583 368519.7
51454 17686 346689.3
203950 159728 343748.7
121810 37050 343946.7
53514 11659 346401.6
224129 60282 348818.4
44340 118278 339141.3
173162 211396 362225.4
54324 151470 349112.1
20365 98446 362389.5
50671 137109 350118.3
134043 34231 349109.7
128749 63773 343379.4
179086 186660 354291.9
22240 250554 348023.1
40737 34103 361464.6
194741 15264 372628.2
85583 128939 386592.9
37715 188072 366309.0
143969 131080 358016.1
14693 46130 363075.0
214842 22719 356636.7
11192 22105 337022.4
55798 41986 358013.4
239482 254461 370779.6
210300 134017 334619.7
118225 131955 330736.2
29961 10441 341819.1
201197 247611 363151.8
103168 97234 330407.4
183985 196866 339783.0
3829 262905 334771.8
249186 17623 354884.7
108490 95057 350207.1
186676 170569 365757.0
10582 30154 342711.0
120631 64335 335781.0
197557 36520 364278.9
52496 101661 375367.8
138517 157848 376922.7
212179 141753 328860.6
218589 205570 380946.9
181467 14183 369566.4
50644 214350 339933.0
185822 210172 342022.2
18747 145743 385528.8
214925 157097 344104.8
140292 166577 363210.9
197319 17892 352322.7
134077 153013 376544.4
152558 142368 354788.7
31665 134443 350476.2
129061 56141 347370.9
9006 246227 359449.8
16560 109438 342441.3
127452 57772 349563.0
15119 227898 333394.5
214147 136704 343661.1
180666 145077 362436.6
216229 11639 385696.8
127773 29185 342654.3
230082 13842 346682.4
186495 121128 370670.1
131938 51280 342798.9
221511 73336 338514.3
171306 144807 349556.7
22134 190440 355171.2
240637 8894 381340.2
254450 816 360331.2
35127 34291 362296.2
133211 143852 363619.8
37464 122053 343768.8
93789 17746 329359.5
222456 126719 344128.5
10107 261182 374544.0
35239 102272 386553.9
246552 7691 385788.0
211930 147497 353554.2
112725 126919 344231.7
28572 144980 351550.2
103074 104384 348216.0
38498 189711 330972.9
199489 18863 362631.3
242326 236855 370872.9
124541 26884 383072.4
100349 131776 353187.0
48673 24024 350676.0
197432 217138 347466.3
99430 106988 346797.6
64039 102154 384112.8
39145 233592 375512.4
189280 242507 335644.2
54055 122870 354105.3
140926 212090 330106.2
253243 201066 329331.9
57050 117744 384374.4
68215 100827 336234.6
25746 44152 336041.4
150640 22969 355799.4
106460 25289 365315.7
168972 148169 366609.9
53894 63348 382848.0
173623 170824 340706.4
135469 198626 384000.9
22107 141696 370333.8
261217 259204 367213.8
215067 155771 333714.3
64046 38558 370837.5
109199 77469 380515.2
239375 235043 368876.4
57547 63027 349465.8
188680 36931 344675.7
254596 208873 346371.9
40213 141117 339536.7
233542 255290 381264.9
149609 136135 362269.2
137459 214012 332437.5
108610 230589 372244.8
31981 28103 361684.5
52388 103790 336454.5
103935 219880 386663.4
218451 149716 335081.1
11656 141783 362297.7
141729 216433 331125.3
160623 211655 338638.5
128761 215601 333350.4
219342 204477 367648.2
148266 131645 350362.5
35584 218341 362561.7
94558 9096 383496.6
249123 211192 373568.7
152302 137405 359931.0
52242 169988 380053.2
43553 25786 338772.6
175086 204891 362016.9
13307 145140 385271.4
16276 201160 385185.3
252596 201171 339392.1
213880 24190 358764.3
189828 153795 383040.9
215606 186477 337959.0
110274 56087 355859.7
19779 53110 339484.2
229753 32511 356354.4
138883 110018 376822.2
32237 13642 336277.5
151926 157707 384089.4
149616 137881 366771.0
149882 26443 365889.3
190374 174178 378244.5
53644 64129 373990.8
20759 141411 352628.4
142517 38474 351135.0
187502 180548 368408.4
44553 31401 367123.8
50943 201723 364915.2
66960 189721 386393.4
182384 166082 335946.6
36217 19523 334962.3
215306 74457 354099.6
7681 22780 334468.8
153490 145398 357239.4
147156 205384 349690.8
44918 97567 344241.9
196041 183413 337785.9
137915 175345 365917.5
190178 101537 374015.4
61213 130486 378878.1
135522 148746 345411.9
161720 52268 366665.1
149664 129893 360117.6
137605 109743 373235.7
199246 143395 343380.6
252161 144759 363567.6
207530 28496 368723.4
237940 263881 374126.7
130717 117122 380204.4
121773 38421 352679.4
162760 187319 351480.3
17328 26424 365900.1
76937 89023 369766.5
201653 144511 335522.4
2397 253094 342295.5
214116 248242 372194.1
137675 148132 376598.1
103576 145567 364238.7
25863 141931 353231.1
206460 252729 351807.3
197699 157901 380375.7
142863 103869 377275.2
147450 24369 354607.8
112657 193303 383917.8
176563 169640 349138.5
135398 247401 357627.6
110353 140444 378050.4
228052 26638 372407.4
17111 51070 332575.5
41070 72788 381284.4
23452 142013 352772.4
213936 249520 364320.3
32066 135359 381543.9
222293 65251 376519.2
103673 130812 335423.1
222224 194815 352994.7
94952 25562 382447.2
25209 232479 352809.9
140305 13157 381884.1
24526 148957 360480.6
132424 95384 366300.3
60365 116670 347565.3
96936 92071 368089.5
172560 197330 351026.1
198345 181634 330106.5
29599 11411 338090.1
74582 85047 377736.6
218243 44423 363145.2
217553 136332 364802.1
103869 127664 349073.7
11069 250072 354560.4
49278 216414 334834.5
102220 39532 372223.8
28912 41762 378238.8
239574 135740 381257.7
780 254871 371320.5
209580 134090 340376.7
216733 87434 381399.6
253584 866 360904.2
11040 55270 363987.9
69536 57875 372397.8
99610 127136 329840.4
185701 135965 350401.8
19722 226637 367866.6
218091 143741 339859.5
134247 109680 363819.9
186665 127047 352796.1
221177 203808 370124.7
246222 181435 372050.7
125420 15044 376692.0
150667 27248 337615.8
186518 123647 376880.7
206173 13891 357953.1
106787 27480 375204.9
230293 93873 379445.7
202311 38026 373084.5
253658 242633 363599.4
246282 212155 373678.8
140908 181708 351939.6
162491 139736 368124.6
188856 120959 383062.2
171417 137276 374684.4
143526 170749 356072.7
112530 51330 331928.4
37183 95968 365383.2
97285 71880 381083.4
12174 178969 382372.8
130627 190337 337188.9
10553 226662 345490.5
40718 140245 338143.2
252521 20365 369170.4
28977 199281 344218.2
48196 97336 333741.9
61825 82952 385543.5
220371 80748 370615.8
112218 196084 375816.3
27558 129091 365074.2
101148 39603 356274.0
222603 70749 348043.5
216638 67558 352342.2
256213 184227 380924.7
217076 101144 382162.8
73460 217735 365671.2
51604 253346 338638.8
96465 111653 350123.4
190477 39660 337269.6
115625 33803 356052.3
16932 105573 339782.7
249775 143683 385392.0
137854 19729 348996.9
13331 141293 362382.0
118423 128063 375297.9
75980 62311 338591.1
102349 47659 375397.5
78228 62076 340106.1
19261 45219 359206.5
30713 49323 383525.4
252440 230921 385751.4
222394 189046 371938.5
46909 66823 340371.0
205532 11555 375624.3
7398 37894 363328.8
212160 55021 359429.7
156103 207577 338928.0
129765 80088 383157.6
181780 249492 369795.0
209507 254466 354293.7
205922 198799 345879.6
13892 109801 340784.1
255989 51346 379072.8
246538 7218 384385.2
127311 150984 359737.8
28227 163369 384030.6
145317 127064 377633.4
11417 252057 358048.5
234398 30443 348989.7
200351 185298 344859.0
232448 26068 346470.3
169606 135389 370376.1
121892 61536 362623.8
209899 176236 329358.3
242353 163160 377439.6
120287 71521 359510.4
163779 249250 367458.6
17561 138705 364218.9
246901 1117 359253.3
14564 51449 357557.7
146398 24122 353092.8
154076 205139 341388.0
233805 20216 369653.4
199118 21220 350181.3
261513 2536 372731.7
102642 128077 351438.6
176083 206582 346434.6
10656 187568 353273.1
194532 241417 371691.6
78487 90695 363280.8
144849 130250 373104.3
242625 254695 361692.3
197822 49478 345214.5
200415 223009 384085.5
170819 198125 353665.5
22819 230604 347232.3
108528 190214 380829.0
55504 207436 342038.1
188655 129513 371801.7
94064 45571 340455.6
202142 33934 373048.8
145306 127804 381063.6
45646 71355 356871.9
77984 224931 376370.4
92953 24409 380128.8
53467 206384 376820.4
37517 11304 356020.2
71338 86196 359563.5
232740 29190 380716.8
195723 223833 348493.5
54442 201386 370478.1
134238 19200 331558.8
163691 255675 386103.3
261273 18735 350647.2
48639 21487 352796.7
142817 14175 355121.1
128889 55400 349203.9
179704 252397 372950.1
76215 82199 340986.0
95318 49256 377053.5
146091 39117 380028.3
31998 50986 378825.0
46732 204725 380306.1
11803 225692 385497.3
262676 247652 357266.1
39712 122930 338938.2
40497 96935 371708.4
147371 161341 354237.0
65596 125311 383781.0
113875 21317 337062.0
254385 206926 354411.6
32456 115391 353163.3
12479 200317 362975.4
139627 247460 355215.9
202408 248878 350258.1
73037 97331 377892.0
33648 38073 342690.0
230507 133054 378706.5
54444 145838 343248.9
131900 111470 368600.4
130246 51933 355008.3
197110 175343 357408.6
55084 209913 365236.8
158334 210949 338393.1
233175 20219 342770.1
222370 64411 363597.6
168012 186533 363235.2
124814 73574 363243.3
155728 133426 383711.4
216049 24421 371493.3
189201 245172 353869.5
20417 127405 368991.6
63361 87237 334941.0
22010 100307 379006.8
9864 29817 344947.8
225162 110173 367234.2
217000 204996 352521.6
171056 146906 359223.6
138065 240011 351308.7
203472 248566 368399.1
197710 7304 384783.9
188953 123074 381494.1
20789 200433 367302.9
12691 190524 362733.6
143391 13024 379810.8
243434 23835 383869.8
68518 57663 374335.8
49731 33996 332928.6
84817 91392 348209.7
173925 157706 344909.1
66768 88344 359529.0
212385 189668 349987.5
138798 26618 367404.0
31527 54807 384368.4
138284 169107 361476.6
8883 53064 377331.3
250557 189688 359588.1
234017 10973 355159.2
201856 254357 351590.1
242329 238507 353805.0
146904 37437 384596.7
43929 72692 384654.6
196375 49066 345957.6
21556 40823 341780.1
29215 139532 375240.3
162649 136400 341495.1
110785 123014 354804.6
218700 73973 381254.7
146953 208758 329636.7
56633 16861 347959.5
133215 213808 340717.2
212482 222062 381580.5
218605 47891 337605.6
65278 73003 331026.6
65837 220154 357415.2
201820 147430 362541.0
250061 206410 338436.3
70790 80466 350742.3
7579 26720 334591.2
82849 75698 331958.1
160801 210802 344724.0
249925 184278 355897.8
224599 73911 358556.1
220011 44849 362578.2
247665 12397 363945.6
238686 258502 343091.7
111586 264160 378645.9
2286 248960 379833.3
245411 226907 365852.7
195843 163343 329768.1
254265 195487 369336.6
71406 216350 335855.4
210294 25768 384748.8
176872 163527 334884.6
56994 64595 338049.3
197393 224604 375114.9
54654 149551 350797.8
196726 24065 343081.8
204361 48615 364655.1
48654 124443 341344.8
70336 39402 357913.2
42857 130953 329301.0
247623 236111 380473.8
231295 264090 362925.6
124151 40110 374216.7
53684 100379 353398.5
122036 77238 377009.7
139629 15119 381478.8
190362 184087 372259.2
184992 188883 362835.0
24795 146980 352982.4
214834 113227 365434.5
65695 81015 334998.0
148677 49601 366462.9
52618 143855 337964.4
107508 100039 367398.0
84479 89197 339229.5
101287 72704 363198.9
36609 60046 366527.1
37832 20073 344535.9
117413 70051 334827.3
207632 179883 365085.0
219933 42909 374814.6
166720 198116 343635.0
13073 40406 353904.0
189014 250385 333254.7
134041 10304 366779.7
250122 144126 378036.9
103635 8164 349031.7
142381 171600 358525.8
63421 48475 372450.0
18964 130584 343125.0
19857 244967 367986.6
60542 100999 347796.0
143306 154493 361255.5
206831 136978 330457.2
72067 37531 369571.8
243972 10217 367295.1
46958 72677 355693.2
47741 22743 347434.8
141477 27123 334147.5
154168 138631 368595.0
249779 40046 373424.1
123669 96203 335871.6
246826 142217 377770.2
110873 122748 355923.6
205406 253170 332408.7
220843 44620 371050.8
42600 119826 361112.7
163302 146689 334163.7
211206 160054 336367.2
126749 102884 338077.8
194540 107618 374245.2
212389 137317 348570.9
13189 186683 344139.9
47305 60166 347158.2
74499 82713 374539.2
115306 41943 351206.4
23420 138863 329617.5
235474 244826 357969.0
92565 22266 372220.8
112569 32104 330892.8
146143 25511 370506.9
71070 90918 352816.5
204937 175512 370079.7
97531 20664 382982.7
59576 126812 337825.2
137102 179108 336471.0
67612 186403 382290.0
148737 168932 355517.4
212437 195008 330385.5
140454 210101 332376.9
150957 12310 366695.1
53921 129315 338586.6
23198 45985 363428.7
175292 212123 334276.5
195991 165807 334703.1
38198 118232 357631.5
31326 38120 379444.5
198787 150828 354975.9
218822 42628 369842.4
59550 216764 377476.2
239737 134195 365665.5
255957 196898 373252.8
232217 135772 367632.0
188286 11014 337053.0
248479 20032 345836.1
253480 197462 338029.8
44179 9610 373869.0
145051 112635 381041.7
252677 56566 379050.3
48369 116873 351637.5
195869 223023 352329.0
8385 39459 362077.8
57453 69548 372996.3
26018 45962 351170.4
91764 132077 368974.2
10437 137255 348942.9
254266 21977 369159.0
134076 206933 336902.4
54560 21230 343649.1
78766 120979 334986.0
183366 188807 361248.9
31195 241255 328923.0
261538 10953 363607.8
194927 120057 384945.6
53632 41772 360789.3
8427 112187 330619.5
105822 127233 368880.6
123532 113455 378810.6
238480 247695 344752.2
134640 29530 379428.9
195512 180413 351455.7
70008 88944 355363.2
221064 73790 349493.1
209650 138194 346520.1
6556 44051 369725.4
21151 255686 367736.1
151291 181718 382297.2
21090 219075 386634.0
46886 63516 376635.6
44990 105375 340881.6
258369 235592 381144.0
81425 61820 380792.4
70221 190344 370263.6
93500 187400 386459.1
123493 64323 354728.4
189455 109262 377361.0
55157 17379 349065.3
230258 240627 330301.8
128280 24099 367756.8
50078 21105 336384.3
124985 222055 332819.1
182795 204826 347388.0
18450 229894 368712.6
34228 49856 366366.6
140184 181622 366980.7
163537 55567 369718.8
21882 92893 357970.2
45955 215240 336820.5
134552 147501 368923.2
106809 103679 345105.9
252908 145273 376162.8
199744 247552 359623.8
101588 189761 379067.1
201894 148492 361660.8
146405 53174 351932.1
177500 205454 356627.1
87627 77526 373173.3
190273 106340 356462.4
149486 194792 361598.4
129325 97111 347105.1
123759 108819 367757.7
39755 122919 338624.7
