28713 126446 380411.7
109688 56124 381888.2
210386 29426 385240.3
262063 2342 374564.4
136288 174906 382102.3
238884 245570 374418.0
13807 200803 372852.8
8847 244005 383334.0
144459 110784 385093.4
24235 256772 380575.0
218188 78567 379525.4
199855 14174 368433.9
189142 165156 377754.1
223184 141560 367714.6
27025 209433 383260.1
68521 75971 368084.1
147180 49425 373938.3
12601 39468 375726.7
179592 200136 368778.8
20304 19903 369252.5
223809 121547 368813.6
166892 151459 372375.9
123138 53984 371531.7
56641 42828 373285.3
259867 9486 385302.2
11398 40008 372691.5
220715 81299 386117.5
40103 106035 382756.1
84916 63968 382700.9
19247 198968 377851.0
207663 152965 370745.4
136705 152127 383990.1
160063 163363 368144.9
180581 252804 383039.9
25846 125244 377045.5
87231 68736 368177.6
38207 136905 384363.8
73841 68973 370731.3
218711 135537 381942.1
137890 2302 385924.3
114465 94114 374100.5
149199 28830 380530.3
128000 24071 380174.1
131748 81051 383952.0
81428 68733 382768.6
206976 21260 383050.2
129892 23705 385007.2
24377 38859 372822.4
107399 97957 374510.5
21940 36772 369154.8
33281 49598 386282.4
68213 73983 372260.4
178897 195394 369713.4
246673 198160 377838.3
126684 76157 383485.7
77030 86499 385891.5
178878 177461 372883.1
207471 104559 386461.9
104258 199704 385260.8
46105 149219 380140.6
161116 211961 368941.0
48819 222629 372526.9
230500 250871 381915.0
93777 38915 371985.1
49482 17121 376915.8
125465 94943 382833.9
22088 207447 384672.1
213920 160619 369390.0
161550 195717 369636.9
18152 108865 372672.0
35576 71588 386612.8
219619 186375 375067.4
133468 7350 380223.7
37401 106570 377449.6
22276 130055 383270.4
235571 134964 383728.7
149780 207075 368271.7
68134 90687 383083.9
154671 195727 378006.6
208368 179969 375999.7
133476 239920 372630.9
51131 15486 373126.4
7044 102421 371388.2
102218 36497 376325.4
53918 94536 380001.9
67295 42385 384367.4
156725 208122 373263.1
229107 103686 383663.5
86336 73610 375641.4
112848 43014 369034.2
183306 187453 379782.2
220535 122436 380025.3
126719 197288 383522.8
150254 218887 368557.8
143844 153296 382825.7
58415 45311 371692.5
211823 216017 385645.2
113419 46158 370397.5
125809 148351 382944.9
121530 29141 376693.6
201258 13522 378853.2
133556 261180 370743.7
246810 141043 382921.2
104657 143931 383459.2
101841 33660 382684.7
154664 207687 370160.1
50643 240705 380336.6
210858 249304 382513.8
170709 175987 368330.7
244474 13944 384262.6
185119 252061 381098.6
190573 166859 377782.7
190055 250389 380484.5
59807 102170 373315.9
14831 106080 369038.3
217418 74861 376431.3
247292 187483 385027.9
260120 231206 382975.9
52815 93187 383464.6
187572 41788 383920.5
146755 23554 380891.5
113112 204499 386484.1
233769 112883 382335.7
36307 23210 370135.3
173562 212274 374744.3
208906 188179 368514.7
23719 38470 372322.7
41717 51822 379310.9
23133 217319 386552.9
50504 23278 384550.1
138513 244105 386793.2
178599 172443 381268.1
102330 37182 374620.3
221572 39699 384035.1
165976 148275 376999.0
146023 224409 378122.7
202272 159682 377351.7
202137 132162 383165.3
39698 222741 373549.0
217928 53047 374906.5
222503 49596 368539.4
148592 215458 373497.3
22738 190383 372567.5
144967 187895 371350.7
150007 126713 386786.9
20423 69973 386794.2
78304 116557 383741.9
29230 97941 380172.6
53143 223926 375007.6
111756 123261 382968.7
68225 37533 378002.9
53888 20858 371058.6
140472 127143 380940.5
139635 216950 381673.1
206860 215191 379326.9
144361 156282 384230.0
127954 49940 376191.1
190817 171317 383316.0
9446 135244 376152.1
51942 21711 367999.6
70529 119547 369999.2
150589 264340 383316.7
13307 252782 380368.9
256763 201134 379312.0
194568 174452 381016.0
227170 113449 371354.2
182442 251822 385792.1
17693 249089 375544.5
134605 184827 377474.0
120790 35619 377367.6
30019 17935 369323.7
137974 146080 371724.2
253373 176389 382423.3
115475 190859 369075.4
174213 144330 375951.5
235298 24960 383163.4
140814 222059 373852.9
249464 7970 385251.3
23066 107620 367524.8
166246 253640 378118.4
108262 131230 385114.4
157736 213453 368505.1
151282 205918 369439.2
258654 189178 380778.2
111657 199004 384140.8
195031 104738 374962.2
233140 32876 376931.3
15175 133940 379605.9
112691 101587 376963.0
143770 182818 378203.4
24288 210787 379838.8
254466 33868 385560.3
65927 220725 373608.9
47071 63650 383419.5
111345 99777 380007.0
50200 133078 381763.0
104418 204227 384566.4
262693 5911 367996.8
43808 141109 382751.9
39208 218281 374718.9
249861 229351 382592.7
195918 39517 376975.3
69826 104237 385173.5
149012 167880 379476.1
15155 98182 382388.5
39600 151224 379916.7
243148 236544 373341.7
201957 173289 371413.7
217197 38111 375669.6
45280 68326 369716.1
198524 162515 374325.6
170756 142335 376002.8
105812 94848 368390.7
25535 254731 384180.8
33887 49572 374144.3
105102 101366 378483.3
37448 215597 381221.6
14741 198985 383524.4
207256 138882 368665.9
138321 104969 379165.8
182586 252353 380253.8
214878 15561 386231.7
231606 16890 372208.2
52342 69806 382251.3
264344 232158 376239.6
263903 208413 380839.9
196717 54238 371644.4
187631 145177 367670.7
99670 104923 379138.0
52337 248933 370815.9
136668 29328 373264.2
32208 46776 384475.0
33127 250740 386344.8
232050 113901 383919.3
138588 157845 386534.2
200587 256573 375895.1
93963 26719 371244.1
218557 212364 386620.5
95433 41433 375716.3
228607 242539 378688.9
188455 120701 385982.3
25448 246125 384048.8
68573 38341 374799.6
44449 68490 373631.7
211530 222783 386317.5
214906 180000 381751.9
257526 4583 369850.8
52508 253108 384473.1
127986 76527 371732.9
60273 41613 381031.4
217696 74314 372597.2
246848 236814 383492.5
40519 103108 379552.2
196400 20275 378319.8
144652 43562 386196.6
39809 208314 386155.2
251263 228739 384690.7
133432 203859 371867.2
260014 229805 377839.6
109990 131815 380529.4
139934 213928 372585.0
142013 70149 384902.9
203938 130553 385217.7
133851 259877 372568.0
36496 58760 385133.6
31959 115980 373121.2
92771 33570 369078.1
248413 214930 384388.6
205969 149064 369229.2
124676 79604 386170.8
92057 99561 377019.9
132068 104194 373654.7
236106 245242 382975.2
247503 238323 376423.6
14344 213857 385992.1
70571 74008 373081.6
41041 136104 376799.3
163151 144426 369921.8
48331 196664 377770.4
217947 125853 373839.6
187394 44267 377154.3
67376 29377 382190.5
36378 233968 383539.7
104554 97799 376974.0
166744 251360 378743.7
122208 103468 384200.1
153566 205413 368564.5
34361 47551 378224.5
251104 206699 374458.1
38215 121900 370401.1
54703 144832 370918.9
53941 207062 373278.2
205465 251254 368645.9
224631 46123 372043.7
223859 101204 381952.7
216750 195811 373803.0
147714 203344 368439.8
189761 169704 379479.2
245637 209473 385494.7
226996 13311 374335.0
162219 181069 369943.1
88511 127609 379009.0
220357 63962 370998.6
134320 180128 380687.6
174413 190476 386777.2
122470 78129 385907.9
40542 253328 386277.3
186765 9444 386415.3
181462 241523 386610.5
126301 186574 377813.1
148647 218343 368413.4
27275 92111 380557.4
211129 222753 385088.3
134265 38274 381580.1
141006 212727 369899.9
49272 142624 369179.5
17155 144436 384837.9
201982 55654 377911.4
115754 34938 379982.3
147401 207592 367543.8
154378 149079 384070.0
55235 105714 371509.5
222094 205732 378217.1
153007 149964 383949.7
221515 125464 377666.4
145160 174241 379175.6
178184 202501 382135.0
61782 130694 379515.9
150790 54526 368508.4
31395 37332 379384.2
217979 90836 379486.0
124361 223100 373208.4
184421 246361 382913.4
230825 236878 382626.1
247130 310 375999.6
50861 35388 370817.0
43694 130136 372044.9
112523 127136 374305.7
172502 137951 375662.7
54850 118056 384573.5
45946 66783 369097.6
105365 140629 373514.2
104512 187160 374305.8
241949 263133 385723.5
208093 38975 384698.0
136631 223053 383696.7
129397 143077 375757.3
214754 45499 384245.9
250959 182586 381299.7
21220 230169 372582.0
31815 12091 372979.3
135524 247166 369807.4
123106 147005 382653.5
125179 77745 371973.2
50471 222279 379598.8
104574 94072 369065.0
13287 6916 370139.8
116544 121542 367863.7
35588 137700 386070.7
158609 200730 375445.7
247082 200293 373879.5
112769 115091 381418.1
101719 45091 368674.2
132423 223316 371639.2
32936 40308 383085.8
84498 78225 377146.4
218033 88263 372711.0
128463 109078 380233.8
11571 151538 384378.6
129241 146417 385132.9
143544 45669 383061.7
129958 113609 368166.4
148916 221245 369815.5
200928 17221 385235.5
83080 220503 386850.4
216109 65985 384883.0
16704 141058 383862.3
28011 38673 368641.2
244801 18129 386506.6
9840 41032 375435.8
20302 107133 371529.8
110209 187394 376849.9
163021 134290 376398.2
23772 140980 368066.2
137560 156334 385781.1
171802 188735 386749.2
138809 147073 383177.0
182779 141895 380928.6
205134 55245 380711.7
195876 161594 367685.9
218359 76942 380236.9
240253 29583 380747.9
51454 17686 373471.1
203950 159728 372490.9
121810 37050 372556.9
53514 11659 373375.2
224129 60282 374180.8
44340 118278 370955.1
173162 211396 378649.8
54324 151470 374278.7
20365 98446 378704.5
50671 137109 374614.1
134043 34231 374277.9
128749 63773 372367.8
179086 186660 376005.3
22240 250554 373915.7
40737 34103 378396.2
194741 15264 382117.4
85583 128939 386772.3
37715 188072 380011.0
143969 131080 377246.7
14693 46130 378933.0
214842 22719 376786.9
11192 22105 370248.8
55798 41986 377245.8
239482 254461 381501.2
210300 134017 369447.9
118225 131955 368153.4
29961 10441 371847.7
201197 247611 378958.6
103168 97234 368043.8
183985 196866 371169.0
3829 262905 369498.6
249186 17623 376202.9
108490 95057 374643.7
186676 170569 379827.0
10582 30154 372145.0
120631 64335 369835.0
197557 36520 379334.3
52496 101661 383030.6
138517 157848 383548.9
212179 141753 367528.2
218589 205570 384890.3
181467 14183 381096.8
50644 214350 371219.0
185822 210172 371915.4
18747 145743 386417.6
214925 157097 372609.6
140292 166577 378978.3
197319 17892 375348.9
134077 153013 383422.8
152558 142368 376170.9
31665 134443 374733.4
129061 56141 373698.3
9006 246227 377724.6
16560 109438 372055.1
127452 57772 374429.0
15119 227898 369039.5
214147 136704 372461.7
180666 145077 378720.2
216229 11639 386473.6
127773 29185 372126.1
230082 13842 373468.8
186495 121128 381464.7
131938 51280 372174.3
221511 73336 370746.1
171306 144807 374426.9
22134 190440 376298.4
240637 8894 385021.4
254450 816 378018.4
35127 34291 378673.4
133211 143852 379114.6
37464 122053 372497.6
93789 17746 367694.5
222456 126719 372617.5
10107 261182 382756.0
35239 102272 386759.3
246552 7691 386504.0
211930 147497 375759.4
112725 126919 372651.9
28572 144980 375091.4
103074 104384 373980.0
38498 189711 368232.3
199489 18863 378785.1
242326 236855 381532.3
124541 26884 385598.8
100349 131776 375637.0
48673 24024 374800.0
197432 217138 373730.1
99430 106988 373507.2
64039 102154 385945.6
39145 233592 383078.8
189280 242507 369789.4
54055 122870 375943.1
140926 212090 367943.4
253243 201066 367685.3
57050 117744 386032.8
68215 100827 369986.2
25746 44152 369921.8
150640 22969 376507.8
106460 25289 379679.9
168972 148169 380111.3
53894 63348 385524.0
173623 170824 371476.8
135469 198626 385908.3
22107 141696 381352.6
261217 259204 380312.6
215067 155771 369146.1
64046 38558 381520.5
109199 77469 384746.4
239375 235043 380866.8
57547 63027 374396.6
188680 36931 372799.9
254596 208873 373365.3
40213 141117 371086.9
233542 255290 384996.3
149609 136135 378664.4
137459 214012 368720.5
108610 230589 381989.6
31981 28103 378469.5
52388 103790 370059.5
103935 219880 386795.8
218451 149716 369601.7
11656 141783 378673.9
141729 216433 368283.1
160623 211655 370787.5
128761 215601 369024.8
219342 204477 380457.4
148266 131645 374695.5
35584 218341 378761.9
94558 9096 385740.2
249123 211192 382430.9
152302 137405 377885.0
52242 169988 384592.4
43553 25786 370832.2
175086 204891 378580.3
13307 145140 386331.8
16276 201160 386303.1
252596 201171 371038.7
213880 24190 377496.1
189828 153795 385588.3
215606 186477 370561.0
110274 56087 376527.9
19779 53110 371069.4
229753 32511 376692.8
138883 110018 383515.4
32237 13642 370000.5
151926 157707 385937.8
149616 137881 380165.0
149882 26443 379871.1
190374 174178 383989.5
53644 64129 382571.6
20759 141411 375450.8
142517 38474 374953.0
187502 180548 380710.8
44553 31401 380282.6
50943 201723 379546.4
66960 189721 386705.8
182384 166082 369890.2
36217 19523 369562.1
215306 74457 375941.2
7681 22780 369397.6
153490 145398 376987.8
147156 205384 374471.6
44918 97567 372655.3
196041 183413 370503.3
137915 175345 379880.5
190178 101537 382579.8
61213 130486 384200.7
135522 148746 373045.3
161720 52268 380129.7
149664 129893 377947.2
137605 109743 382319.9
199246 143395 372368.2
252161 144759 379097.2
207530 28496 380815.8
237940 263881 382616.9
130717 117122 384642.8
121773 38421 375467.8
162760 187319 375068.1
17328 26424 379874.7
76937 89023 381163.5
201653 144511 369748.8
2397 253094 372006.5
214116 248242 381972.7
137675 148132 383440.7
103576 145567 379320.9
25863 141931 375651.7
206460 252729 375177.1
197699 157901 384699.9
142863 103869 383666.4
147450 24369 376110.6
112657 193303 385880.6
176563 169640 374287.5
135398 247401 377117.2
110353 140444 383924.8
228052 26638 382043.8
17111 51070 368766.5
41070 72788 385002.8
23452 142013 375498.8
213936 249520 379348.1
32066 135359 385089.3
222293 65251 383414.4
103673 130812 369715.7
222224 194815 375572.9
94952 25562 385390.4
25209 232479 375511.3
140305 13157 385202.7
24526 148957 378068.2
132424 95384 380008.1
60365 116670 373763.1
96936 92071 380604.5
172560 197330 374916.7
198345 181634 367943.5
29599 11411 370604.7
74582 85047 383820.2
218243 44423 378956.4
217553 136332 379508.7
103869 127664 374265.9
11069 250072 376094.8
49278 216414 369519.5
102220 39532 381982.6
28912 41762 383987.6
239574 135740 384993.9
780 254871 381681.5
209580 134090 371366.9
216733 87434 385041.2
253584 866 378209.4
11040 55270 379237.3
69536 57875 382040.6
99610 127136 367854.8
185701 135965 374708.6
19722 226637 380530.2
218091 143741 371194.5
134247 109680 379181.3
186665 127047 375506.7
221177 203808 381282.9
246222 181435 381924.9
125420 15044 383472.0
150667 27248 370446.6
186518 123647 383534.9
206173 13891 377225.7
106787 27480 382976.3
230293 93873 384389.9
202311 38026 382269.5
253658 242633 379107.8
246282 212155 382467.6
140908 181708 375221.2
162491 139736 380616.2
188856 120959 385595.4
171417 137276 382802.8
143526 170749 376598.9
112530 51330 368550.8
37183 95968 379702.4
97285 71880 384935.8
12174 178969 385365.6
130627 190337 370304.3
10553 226662 373071.5
40718 140245 370622.4
252521 20365 380964.8
28977 199281 372647.4
48196 97336 369155.3
61825 82952 386422.5
220371 80748 381446.6
112218 196084 383180.1
27558 129091 379599.4
101148 39603 376666.0
222603 70749 373922.5
216638 67558 375355.4
256213 184227 384882.9
217076 101144 385295.6
73460 217735 379798.4
51604 253346 370787.6
96465 111653 374615.8
190477 39660 370331.2
115625 33803 376592.1
16932 105573 371168.9
249775 143683 386372.0
137854 19729 374240.3
13331 141293 378702.0
118423 128063 383007.3
75980 62311 370771.7
102349 47659 383040.5
78228 62076 371276.7
19261 45219 377643.5
30713 49323 385749.8
252440 230921 386491.8
222394 189046 381887.5
46909 66823 371365.0
205532 11555 383116.1
7398 37894 379017.6
212160 55021 377717.9
156103 207577 370884.0
129765 80088 385627.2
181780 249492 381173.0
209507 254466 376005.9
205922 198799 373201.2
13892 109801 371502.7
255989 51346 384265.6
246538 7218 386036.4
127311 150984 377820.6
28227 163369 385918.2
145317 127064 383785.8
11417 252057 377257.5
234398 30443 374237.9
200351 185298 372861.0
232448 26068 373398.1
169606 135389 381366.7
121892 61536 378782.6
209899 176236 367694.1
242353 163160 383721.2
120287 71521 377744.8
163779 249250 380394.2
17561 138705 379314.3
246901 1117 377659.1
14564 51449 377093.9
146398 24122 375605.6
154076 205139 371704.0
233805 20216 381125.8
199118 21220 374635.1
261513 2536 382151.9
102642 128077 375054.2
176083 206582 373386.2
10656 187568 375665.7
194532 241417 381805.2
78487 90695 379001.6
144849 130250 382276.1
242625 254695 378472.1
197822 49478 372979.5
200415 223009 385936.5
170819 198125 375796.5
22819 230604 373652.1
108528 190214 384851.0
55504 207436 371920.7
188655 129513 381841.9
94064 45571 371393.2
202142 33934 382257.6
145306 127804 384929.2
45646 71355 376865.3
77984 224931 383364.8
92953 24409 384617.6
53467 206384 383514.8
37517 11304 376581.4
71338 86196 377762.5
232740 29190 384813.6
195723 223833 374072.5
54442 201386 381400.7
134238 19200 368427.6
163691 255675 386609.1
261273 18735 374790.4
48639 21487 375506.9
142817 14175 376281.7
128889 55400 374309.3
179704 252397 382224.7
76215 82199 371570.0
95318 49256 383592.5
146091 39117 384584.1
31998 50986 384183.0
46732 204725 384676.7
11803 225692 386407.1
262676 247652 376996.7
39712 122930 370887.4
40497 96935 381810.8
147371 161341 375987.0
65596 125311 385835.0
113875 21317 370262.0
254385 206926 376045.2
32456 115391 375629.1
12479 200317 378899.8
139627 247460 376313.3
202408 248878 374660.7
73037 97331 383872.0
33648 38073 372138.0
230507 133054 384143.5
54444 145838 372324.3
131900 111470 380774.8
130246 51933 376244.1
197110 175343 377044.2
55084 209913 379653.6
158334 210949 370705.7
233175 20219 372164.7
222370 64411 379107.2
168012 186533 378986.4
124814 73574 378989.1
155728 133426 385811.8
216049 24421 381739.1
189201 245172 375864.5
20417 127405 380905.2
63361 87237 369555.0
22010 100307 384243.6
9864 29817 372890.6
225162 110173 380319.4
217000 204996 375415.2
171056 146906 377649.2
138065 240011 375010.9
203472 248566 380707.7
197710 7304 386169.3
188953 123074 385072.7
20789 200433 380342.3
12691 190524 378819.2
143391 13024 384511.6
243434 23835 385864.6
68518 57663 382686.6
49731 33996 368884.2
84817 91392 373977.9
173925 157706 372877.7
66768 88344 377751.0
212385 189668 374570.5
138798 26618 380376.0
31527 54807 386030.8
138284 169107 378400.2
8883 53064 383685.1
250557 189688 377770.7
234017 10973 376294.4
201856 254357 375104.7
242329 238507 375843.0
146904 37437 386106.9
43929 72692 386126.2
196375 49066 373227.2
21556 40823 371834.7
29215 139532 382988.1
162649 136400 371739.7
110785 123014 376176.2
218700 73973 384992.9
146953 208758 367786.9
56633 16861 373894.5
133215 213808 371480.4
212482 222062 385101.5
218605 47891 370443.2
65278 73003 368250.2
65837 220154 377046.4
201820 147430 378755.0
250061 206410 370720.1
70790 80466 374822.1
7579 26720 369438.4
82849 75698 368560.7
160801 210802 372816.0
249925 184278 376540.6
224599 73911 377426.7
220011 44849 378767.4
247665 12397 379223.2
238686 258502 372271.9
111586 264160 384123.3
2286 248960 384519.1
245411 226907 379858.9
195843 163343 367830.7
254265 195487 381020.2
71406 216350 369859.8
210294 25768 386157.6
176872 163527 369536.2
56994 64595 370591.1
197393 224604 382946.3
54654 149551 374840.6
196726 24065 372268.6
204361 48615 379459.7
48654 124443 371689.6
70336 39402 377212.4
42857 130953 367675.0
247623 236111 384732.6
231295 264090 378883.2
124151 40110 382646.9
53684 100379 375707.5
122036 77238 383577.9
139629 15119 385067.6
190362 184087 381994.4
184992 188883 378853.0
24795 146980 375568.8
214834 113227 379719.5
65695 81015 369574.0
148677 49601 380062.3
52618 143855 370562.8
107508 100039 380374.0
84479 89197 370984.5
101287 72704 378974.3
36609 60046 380083.7
37832 20073 372753.3
117413 70051 369517.1
207632 179883 379603.0
219933 42909 382846.2
166720 198116 372453.0
13073 40406 375876.0
189014 250385 368992.9
134041 10304 380167.9
250122 144126 383920.3
103635 8164 374251.9
142381 171600 377416.6
63421 48475 382058.0
18964 130584 372283.0
19857 244967 380570.2
60542 100999 373840.0
143306 154493 378326.5
206831 136978 368060.4
72067 37531 381098.6
243972 10217 380339.7
46958 72677 376472.4
47741 22743 373719.6
141477 27123 369290.5
154168 138631 380773.0
249779 40046 382382.7
123669 96203 369865.2
246826 142217 383831.4
110873 122748 376549.2
205406 253170 368710.9
220843 44620 381591.6
42600 119826 378278.9
163302 146689 369295.9
211206 160054 370030.4
126749 102884 370600.6
194540 107618 382656.4
212389 137317 374098.3
13189 186683 372621.3
47305 60166 373627.4
74499 82713 382754.4
115306 41943 374976.8
23420 138863 367780.5
235474 244826 377231.0
92565 22266 381981.6
112569 32104 368205.6
146143 25511 381410.3
71070 90918 375513.5
204937 175512 381267.9
97531 20664 385568.9
59576 126812 370516.4
137102 179108 370065.0
67612 186403 385338.0
148737 168932 376413.8
212437 195008 368036.5
140454 210101 368700.3
150957 12310 380139.7
53921 129315 370770.2
23198 45985 379050.9
175292 212123 369333.5
195991 165807 369475.7
38198 118232 377118.5
31326 38120 384389.5
198787 150828 376233.3
218822 42628 381188.8
59550 216764 383733.4
239737 134195 379796.5
255957 196898 382325.6
232217 135772 380452.0
188286 11014 370259.0
248479 20032 373186.7
253480 197462 370584.6
44179 9610 382531.0
145051 112635 384921.9
252677 56566 384258.1
48369 116873 375120.5
195869 223023 375351.0
8385 39459 378600.6
57453 69548 382240.1
26018 45962 374964.8
91764 132077 380899.4
10437 137255 374222.3
254266 21977 380961.0
134076 206933 370208.8
54560 21230 372457.7
78766 120979 369570.0
183366 188807 378324.3
31195 241255 367549.0
261538 10953 379110.6
194927 120057 386223.2
53632 41772 378171.1
8427 112187 368114.5
105822 127233 380868.2
123532 113455 384178.2
238480 247695 372825.4
134640 29530 384384.3
195512 180413 375059.9
70008 88944 376362.4
221064 73790 374405.7
209650 138194 373414.7
6556 44051 381149.8
21151 255686 380486.7
151291 181718 385340.4
21090 219075 386786.0
46886 63516 383453.2
44990 105375 371535.2
258369 235592 384956.0
81425 61820 384838.8
70221 190344 381329.2
93500 187400 386727.7
123493 64323 376150.8
189455 109262 383695.0
55157 17379 374263.1
230258 240627 368008.6
128280 24099 380493.6
50078 21105 370036.1
124985 222055 368847.7
182795 204826 373704.0
18450 229894 380812.2
34228 49856 380030.2
140184 181622 380234.9
163537 55567 381147.6
21882 92893 377231.4
45955 215240 370181.5
134552 147501 380882.4
106809 103679 372943.3
252908 145273 383295.6
199744 247552 377782.6
101588 189761 384263.7
201894 148492 378461.6
146405 53174 375218.7
177500 205454 376783.7
87627 77526 382299.1
190273 106340 376728.8
149486 194792 378440.8
129325 97111 373609.7
123759 108819 380493.9
39755 122919 370782.9
